rk   total    t_rk p_rk s_rk c_rk title
19   420.201  1    26   20   1    命运石之门
38   385.577  2    53   25   5    魔法少女小圆
9    372.373  3    13   2    2    新世纪福音战士
4    364.305  4    15   4    3    CLANNAD 〜AFTER STORY〜
15   342.834  5    12   12   4    白箱
24   322.174  6    21   14   6    千与千寻
22   320.845  7    25   16   8    凉宫春日的消失
11   312.633  8    14   8    7    钢之炼金术师 FULLMETAL ALCHEMIST
102  302.496  9    134  66   13   冰菓
160  284.986  10   144  116  18   Fate/Zero
6    284.542  11   9    3    10   新世纪福音战士剧场版 Air/真心为你
79   282.589  12   88   47   15   化物语
2    271.891  13   3    1    9    星际牛仔
69   268.327  14   128  88   20   CLANNAD
77   266.759  15   56   51   14   Code Geass 反叛的鲁路修
56   266.600  16   90   38   19   日常
54   265.928  17   34   33   11   死亡笔记
32   249.927  18   24   26   12   福音战士新剧场版：破
180  249.787  19   174  124  31   龙与虎
228  248.851  20   190  176  33   你的名字。
25   240.897  21   43   27   22   进击的巨人 第三季 Part.2
27   237.307  22   18   17   16   天元突破 红莲螺岩
205  235.932  23   238  195  42   进击的巨人
89   235.843  24   108  63   32   吹响！悠风号
187  225.186  25   115  131  35   一拳超人
107  224.870  26   60   73   29   来自深渊
104  224.213  27   126  103  39   Code Geass 反叛的鲁路修R2
174  220.682  28   223  201  51   轻音少女
51   220.510  29   67   36   34   剧场版 魔法少女小圆 [新篇] 叛逆的物语
40   218.408  30   35   43   30   奇巧计程车
3    213.949  31   2    5    17   攻壳机动队 STAND ALONE COMPLEX
33   212.409  32   32   21   26   乒乓
127  210.782  33   127  65   41   凉宫春日的忧郁
39   210.154  34   27   19   27   四叠半神话大系
113  206.210  35   122  50   46   来自新世界
225  206.141  36   227  163  57   秒速5厘米
112  204.603  37   120  80   43   幸运星
23   202.581  38   11   9    23   千年女优
58   201.765  39   44   32   38   剧场版 空之境界 第五章 矛盾螺旋
68   200.408  40   192  150  64   孤独摇滚！
7    197.204  41   4    7    21   攻壳机动队
70   196.843  42   93   71   50   吹响！悠风号 第二季
132  196.658  43   222  190  67   轻音少女 第二季
36   194.867  44   89   41   53   莉兹与青鸟
17   193.327  45   10   15   28   虫师
44   192.599  46   30   24   36   天空之城
133  189.992  47   80   100  44   福音战士新剧场版：序
5    189.363  48   6    6    25   猫和老鼠
224  189.196  49   210  142  66   凉宫春日的忧郁 2009
121  188.954  50   112  112  54   摇曳露营△
286  188.302  51   253  236  69   男子高中生的日常
1    187.864  52   1    10   24   攻壳机动队 S.A.C. 2nd GIG
195  187.074  53   171  144  61   斩服少女
372  186.570  54   274  275  75   月刊少女野崎君
101  185.449  55   45   67   45   JOJO的奇妙冒险 星尘斗士 埃及篇
48   185.164  56   22   22   40   红辣椒
136  183.004  57   167  134  65   比宇宙更远的地方
233  182.008  58   229  207  77   四月是你的谎言
193  178.124  59   149  123  63   寒蝉鸣泣之时
16   177.671  60   8    11   37   蓝色恐惧
61   177.456  61   165  128  76   辉夜大小姐想让我告白-超级浪漫-
80   176.523  62   183  136  81   无职转生～到了异世界就拿出真本事～ 第2部分
222  174.344  63   119  129  59   JOJO的奇妙冒险
111  173.529  64   66   48   55   永生之酒
10   172.223  65   17   30   49   3月的狮子 第二季
166  169.394  66   129  107  68   寒蝉鸣泣之时 解
147  169.150  67   206  156  84   进击的巨人 第三季
401  167.080  68   354  340  115  辉夜大小姐想让我告白～天才们的恋爱头脑战～
158  164.544  69   118  137  70   灵能百分百 第二季
21   162.824  70   54   39   60   银魂
165  162.152  71   152  121  83   物语系列 第二季
57   160.994  72   38   23   52   幽灵公主
198  159.179  73   125  153  74   JOJO的奇妙冒险 星尘斗士
331  158.973  74   304  299  118  辉夜大小姐想让我告白？～天才们的恋爱头脑战～
183  158.127  75   240  181  102  少女终末旅行
118  157.754  76   180  167  90   轻音少女 剧场版
122  156.948  77   57   61   62   龙猫
86   156.053  78   100  57   80   3月的狮子
267  155.496  79   294  234  112  进击的巨人 第二季
14   154.881  80   7    18   47   攻壳机动队2 无罪
20   154.413  81   29   31   56   灌篮高手
124  154.178  82   203  193  104  赛博浪客
8    153.493  83   5    13   48   浪客剑心 追忆篇
264  153.097  84   218  202  96   无头骑士异闻录
37   152.413  85   23   29   58   混沌武士
301  152.028  86   276  261  109  心理测量者
59   149.693  87   140  119  100  赛马娘 Pretty Derby 第二季
237  148.536  88   177  159  93   悠哉日常大王
240  147.875  89   309  280  131  NO GAME NO LIFE 游戏人生 ZERO
379  147.234  90   209  228  99   灵能百分百
73   145.988  91   47   59   72   少女与战车 剧场版
18   145.833  92   76   52   82   银魂'
287  145.773  93   270  237  120  寄生兽 生命的准则
114  145.666  94   84   54   79   钢之炼金术师
91   144.223  95   58   62   71   数码宝贝大冒险
258  144.144  96   191  165  98   剧场版 空之境界 第一章 俯瞰风景
93   143.772  97   96   68   89   冰海战记
52   142.445  98   70   46   87   新・福音战士剧场版：终
255  141.850  99   155  180  92   剧场版 空之境界 第三章 痛觉残留
304  140.969  100  197  186  97   穿越时空的少女