62229
226254
1126
2113
283730
22423
22290
105699
4639
13
943
4723
280440
2736
3154
4828
195573
1127
54898
88868
15717
295044
1502
51361
12098
328585
205917
24059
267764
174632
291280
146598
1536
227
101434
7978
385912
12596
46094
15912
73681
608
192977
97911
6818
2213
7801
249296
3237
20188
609
343
4126
3035
3243
40
137442
284100
6278
14
2720
13426
3017
277
11028
2739
104911
1075
3347
4176
56705
3938
708
955
3772
1076
5418
5395
347780
11736
236561
722
56363
41424
4166
10199
162833
22574
66198
117065
4022
1312
5943
39066
1500
1259
22660
88413
2731
700
260
634
1143
155358
261
951
2723
16203
1457
56706
1167
258831
45396
232
43325
9927
249470
109118
845
1111
8791
73806
88765
39259
2114
267055
8234
2287
2832
219
2730
101989
11136
11158
278949
15675
4211
4347
79183
220921
9658
11230
2038
2041
1573
8642
295957
144881
1654
718
447
38979
1341
954
19391
2118
50761
316
15094
1089
1916
241897
29049
33895
339162
1598
233030
939
2112
18443
2109
308808
2221
308947
8641
935
16418
226956
1900
147713
12280
1148
35655
345691
38363
1501
26943
1889
618
10038
949
940
254103
2831
47659
3354
1795
112339
75834
205915
7885
20810
209250
4231
721
3345
1020
163041
387052
2055
80705
1012
1659
9560
3119
167531
723
942
4478
200763
1496
7709
9543
19873
705
405362
78442
745
143
45938
44743
8703
1548
52
9
1604
6486
4241
606
194932
