127873
8611
138493
56957
38490
308257
47553
11259
38134
1559
66768
2824
135183
3178
3234
127053
23108
23085
2452
340225
185807
266863
299411
231581
56703
3983
11053
22690
102176
107673
58561
209715
6204
19609
89099
21015
131106
28816
40071
130136
259600
352505
20941
29068
206
116739
68126
292775
50224
359978
3913
10945
2879
84308
99090
2446
13254
2119
28296
188600
220643
191058
124424
971
28364
327616
313995
175513
10747
647
206159
56241
11822
931
27468
394615
58647
145329
328321
332512
313474
52339
223595
55419
18801
22302
111548
97718
1585
1123
5344
213237
19632
107501
38223
52059
2360
18460
88700
278458
6927
314914
283554
41303
360350
216446
23427
18255
404023
11826
33019
15887
36420
30409
173987
54601
167726
4302
14621
14034
225188
113638
227963
137782
192421
195407
207082
239954
117677
183731
210879
124661
1016
126958
192420
301430
264568
216993
56996
10932
271954
6391
91500
12220
308689
4209
3531
94538
11418
2304
295308
4203
76937
56735
18973
81373
18806
18302
61156
283577
61556
19571
299861
63285
79763
13444
305045
25687
296670
99835
938
99321
23670
47660
48015
67988
68971
7
110791
22126
15721
218919
310881
311080
11128
217199
154814
110941
21330
236430
19479
761
11133
8387
54231
249305
3240
72024
1863
78544
146226
196861
16339
46317
70342
66956
23083
232339
29469
736
229817
3363
18438
8087
214115
359879
30612
213239
49041
18878
246920
283762
60380
6945
35587
10763
132471
13039
39314
217200
6969
277218
17113
92256
994
85349
52407
5438
1572
9974
