215470
205373
41077
1698
43372
137992
88739
6310
7868
1041
1416
119895
25237
21563
3056
17035
185189
333684
116343
8407
35656
719
20189
205916
9958
22905
185181
2039
279054
204
13966
180706
18273
137643
134929
7294
1817
125131
734
1124
2117
20714
277516
4199
1079
1918
2722
1168
35871
725
17852
18659
7711
308562
37473
64718
1154
4066
271
57359
321358
3235
228
203
9831
724
24083
2679
4460
50544
2273
1908
157916
137458
46090
2116
309719
55688
137588
61508
309734
154754
72036
309730
703
933
2227
45616
113437
309732
13139
140681
70707
6991
4309
22634
12084
3034
184551
347
67932
16108
4643
1669
42337
410409
65689
152680
10541
3195
82381
926
704
186554
264147
62228
1073
1149
8612
111824
30156
291468
18012
49209
20202
15665
64386
3692
223159
14426
716
273493
221638
2040
281992
3557
638
284505
3730
223
1597
210177
8025
23103
7313
1733
8463
309729
129
274530
7762
188744
105697
35358
36637
41357
75639
640
1057
108490
701
137445
796
4798
6956
401184
309722
71953
2110
221
1647
212376
171861
9941
94990
1534
3009
121307
20936
1497
4219
105778
148793
2692
19643
11268
235675
2900
2247
3238
3863
950
116984
11129
859
3504
9909
117092
83293
3230
2134
18761
2533
56954
677
249292
11589
238668
216896
46874
77626
29340
8271
314297
298620
171
709
45
51228
210068
23563
234026
1812
99290
47999
3839
49316
8404
216107
290599
109626
13018
4594
874
5916
125937
1929
215134
17041
104910
