48908
144518
140897
7316
6203
52058
984
77121
205911
216937
205061
13169
45835
23628
7399
11172
284434
220313
18610
23130
111620
62915
146579
63973
20854
77191
137573
33886
338916
22586
66959
77189
161138
219901
167532
176612
9942
308542
174767
56949
2031
280160
11077
9542
204477
6376
268337
187924
92129
54703
202908
104163
317476
79405
37399
16916
256595
141598
65988
5429
22300
22512
27717
201614
309301
140778
73486
215199
75622
13093
35765
331695
123497
55199
37141
292923
231820
313287
49587
114505
50604
383
390
47559
146656
49884
334816
309691
9575
341332
264182
293800
16518
309724
9944
3820
79687
1554
138202
284545
16237
213673
6289
34486
228194
134628
285795
280851
12285
19575
19822
11137
402036
161787
1118
1125
85276
16792
211129
19595
224460
33393
3272
268594
169543
1336
115947
84094
50757
1087
217081
11261
100415
47490
3114
59663
10958
40514
351273
14614
76012
30308
107394
24813
11127
56688
254315
4521
29143
380514
315065
22228
38980
105646
30078
760
159266
35697
35615
32758
92462
1332
41064
51961
134396
38755
235011
41196
237344
37589
297996
38492
41870
325937
67447
128743
28228
142274
245345
216844
13038
16930
21547
207531
216380
9656
178373
92153
72776
13374
3855
14142
102098
103032
83938
6488
14906
3684
1693
13631
342841
22103
68004
5472
273991
366450
9545
377476
912
294176
20456
229269
228512
328475
314034
3352
2250
218891
19218
14357
189765
79113
1411
298155
297848
11586
78352
64275
22424
141778
85709
304326
347914
66958
4638
72031
6870
248255
118591
23559
