46122
171164
48851
37426
17058
341
1060
46127
132026
123333
12478
131786
10895
54761
91401
41556
11047
173704
3785
14140
322831
6968
130211
321297
1090
246055
68691
11166
4289
110816
21014
155695
340438
11626
47261
23324
220308
249046
243405
84392
112264
84040
250006
2758
61509
166395
210493
167689
226257
94422
124097
61831
20145
23098
19876
188755
3306
123
99713
46125
123038
4633
3050
195575
1159
29481
124972
268546
17024
110795
331590
10458
289456
19878
19874
181569
304380
73451
67944
339340
339167
145113
68780
112320
216913
79629
19875
119649
84032
305041
10563
36901
283745
211513
56244
9950
360
394763
126727
208500
150773
25617
197
631
266333
991
28756
44787
19078
225424
34235
230116
43190
138392
16424
368788
30114
30507
1158
319710
15920
292307
105189
9975
91698
114555
72788
753
110653
58399
15439
123953
11627
117691
243418
299855
17054
267261
98856
309736
119421
150812
74655
39383
109570
10118
76106
249462
37544
11609
63034
66761
65761
139852
12522
26451
64566
137446
112335
32232
119538
3860
126258
9845
2843
18013
14413
281454
396111
393879
13310
9677
166873
272850
1409
183287
567
184146
31386
197964
198312
138930
64047
331402
223578
195636
265838
268578
121031
45908
41356
136131
1141
84038
300677
225241
136477
33309
415317
77755
77776
30412
283858
126028
214488
12320
12581
19871
19460
14760
285076
73647
13413
11255
336031
364770
181216
142275
5358
105064
12185
259016
259117
16355
331655
21864
47757
9659
46071
988
54215
9004
91627
31450
86757
398107
10499
176973
217734
55027
