183042
44770
49113
136773
61767
325000
3534
2347
184714
33139
172745
52639
365699
19541
145858
45940
23429
151187
10293
58741
18904
372044
12816
172612
16847
388167
295364
295081
16677
83359
84915
19388
84626
187128
41154
59895
227448
691
14441
120299
121971
59079
210274
126540
102781
68060
241623
165417
67940
312844
116111
12814
175407
126928
220931
13592
66946
3218
1022
46118
38925
30155
338917
80316
132549
7416
252546
101844
45069
250374
4987
228132
353089
93483
128761
28575
44519
16128
362100
3912
44762
122964
21311
21862
12562
21075
99311
369031
40387
7757
294718
279089
665
212138
12699
18770
19577
7457
309777
79468
17026
255032
137
79715
50756
3231
240581
10157
134713
186291
29142
11100
16959
200549
2003
95823
60668
29048
10153
61768
105143
103155
65401
96692
13589
6295
2330
102851
10983
41420
24107
67945
14177
65385
205924
16391
1160
202158
147006
1021
301313
1095
197345
196972
272
4156
316126
230935
248666
230945
41707
45231
323789
23090
96333
96374
48010
1157
117206
26452
334753
15927
176606
27513
25682
16866
338642
27561
20879
32365
59743
8206
383608
9729
132027
210821
7678
51689
149506
44518
28301
43958
123740
390048
185173
50509
13598
74841
144163
18250
80440
127350
408107
337543
19394
198830
38504
231104
2755
276576
188739
710
240006
36981
130918
100169
314546
74223
210313
11116
1122
964
255030
84041
1569
198057
19702
102363
20186
242779
185621
1571
88443
127170
18777
126534
79615
139310
15909
147887
4492
294935
62583
28324
56937
147327
331083
24965
1503
18769
