14946
47855
113930
266230
50762
324849
192316
70817
374565
19459
25785
13522
220373
5949
10344
120511
296313
14992
179995
274535
42794
52763
256657
26648
73126
46110
326589
233869
156763
215197
1765
61392
349062
225579
110696
189785
41445
203848
369049
270244
21694
83322
165861
115963
327394
166691
672
26722
115336
49219
137773
15180
126797
308747
4076
228216
52036
126841
22146
10652
50232
10114
1173
61169
37826
387284
281189
242675
84240
205292
283338
25122
70717
41410
19560
33496
33609
71737
81712
289478
81441
2714
306986
4502
68231
46773
36979
213322
98063
630
253721
6957
197990
14300
8224
33257
292888
326805
332175
259471
19638
666
184447
16873
49104
114549
3162
83995
147167
28017
1587
257490
317530
38503
61144
28438
28426
14521
111703
71961
308785
11169
4856
228443
6374
198638
109486
215479
21938
36321
236596
172502
235103
63856
205103
7828
148406
274627
125180
216117
24978
289305
261152
316021
1337
262124
365875
16392
89046
43108
30611
27146
48002
100391
315975
23703
232119
16520
3906
24719
95006
125779
56242
3358
195737
323787
279009
184282
137460
65386
6206
226693
56243
169767
82424
9946
17854
142752
84315
1245
20176
248719
148179
51684
82698
39506
71437
75717
14463
228086
19576
4893
314563
294629
21728
23562
192868
293712
338912
342591
223487
378800
273915
104082
184047
20697
364577
270
61953
107346
42702
62892
262376
80615
19545
52366
59203
194391
58677
290193
105074
22680
86074
141625
124851
43209
266384
279245
28965
11218
49105
116038
1549
256076
1499
46115
220185
275254
44
267710
