223087
108664
87765
58942
35561
112337
100309
19790
167
185097
60382
284373
407711
85328
89145
18011
6311
9962
84768
101172
52776
105648
279655
12460
5838
63284
15531
39811
174661
19125
23557
33391
94381
636
1410
36574
47491
190255
120319
322129
222
100312
265240
176
39851
11216
107489
246370
130042
67998
114734
127501
254793
196487
281956
15707
220250
256658
80323
50755
354664
155705
21548
4009
72789
355565
3508
113633
78640
314066
217023
315130
67439
14436
131372
201077
137883
315601
2309
94560
126143
14437
197098
94967
49244
272936
176138
392553
220668
28402
28344
125097
49320
10847
85956
220338
316212
14496
21237
11554
239586
364247
15703
338772
265248
15863
12578
7847
381773
120279
58612
70716
20345
156140
71575
13385
76938
22143
4647
49285
11219
13007
99398
100291
223977
101536
69329
104012
155364
40479
24963
22176
119016
4389
57094
53780
50360
49902
175
294942
37004
184888
35003
41128
145083
84769
84358
90173
15327
24866
58770
84249
283667
113276
69423
11529
7980
283693
15886
18076
22342
20402
48014
314212
266026
98518
108440
39593
237097
122695
331070
68573
78635
22706
105738
37663
40405
7245
10487
44714
6834
217434
1550
5953
136151
115
42293
64989
27915
996
14158
26488
249372
309211
47558
11222
12014
291908
52402
345524
7554
290678
67221
216911
159829
1566
175552
25370
275771
47136
73977
104520
61560
259009
47297
221707
83093
19881
111542
331079
24997
114962
10501
249705
89408
113128
146910
382222
11160
77001
283197
26175
3681
218742
226211
24876
212732
1564
22807
144086
