49215
90791
24319
401334
27712
53146
18412
6965
48844
26830
185493
327364
8158
193036
89484
14712
269560
215635
2307
170323
315777
401692
72026
128762
20161
52500
115387
1051
233199
53008
278649
299689
81657
22114
280732
189483
22029
143128
118103
84203
184874
15872
363436
102256
67712
33105
32752
50504
282691
99757
24878
106511
251874
19590
22224
17023
169766
28774
29138
85420
145736
289565
210637
336122
73446
74985
108428
145623
110206
241789
21073
104610
225200
246899
230895
307921
68019
201127
2388
66657
120280
358103
56713
104780
20154
208102
1657
18757
50552
55691
16917
108555
132958
216932
47489
182957
49101
47274
216692
14445
194343
100697
395656
24468
297408
9643
144653
214362
48764
198432
37664
158429
235095
44759
40513
191982
58072
73826
377816
79483
328831
78604
3343
40297
209688
206403
210224
13153
66964
295806
94278
221834
28960
331486
347490
49035
233197
986
194380
123492
18969
47214
72032
6953
49252
230411
44747
11175
119624
304394
344985
81488
47446
211722
241873
111
397038
192546
313986
4
1736
297301
220184
237830
161761
228510
118
11024
23674
92837
101788
7265
34107
180011
6681
200093
65759
22034
295288
2753
25574
61073
193290
233843
320057
51602
713
308539
136179
120227
306154
126145
231264
385
255329
143124
221177
289773
250372
68226
140399
111618
317674
218369
22446
22431
30159
20814
20401
366180
20704
14405
52060
136802
357164
29017
8705
119613
130169
249461
128936
14869
382113
14112
293544
59894
212330
84024
7279
161195
89161
26459
10611
293982
208260
207176
283024
207431
67152
30192
