7382
16369
204293
76390
7645
81180
7866
46297
66342
80307
336526
9818
125
215883
684
194172
314511
151436
49796
54162
24945
166756
353905
20908
220322
129313
12938
311666
129413
311974
648
216490
48013
19170
375931
30048
249306
147862
49102
29191
181528
29491
216488
301659
90050
105876
122992
306953
214100
387623
193205
70196
17806
256172
256609
274528
196558
337709
206205
132752
280843
96671
196298
68002
213197
60371
269615
138443
327445
25144
95535
16353
2312
238720
306689
198543
198051
321392
234192
10119
128402
116262
6293
297767
183179
115702
72737
13415
1465
83866
290212
13095
14114
87061
95042
105309
10434
107883
254126
192495
333914
4888
208378
208380
29397
292380
158290
90859
90496
275265
106847
306955
217773
339016
185183
269727
40674
19640
362715
266231
312986
19048
49210
47484
196255
38970
4044
228146
15739
83247
118063
202243
46655
230424
2345
375909
110516
241844
28450
62766
10871
212319
26826
119948
10121
198187
344650
249223
137448
1086
22649
40458
317328
248176
84917
98072
29051
78328
77099
338747
103961
266886
14942
99775
24092
30097
249291
61010
41615
3804
48975
241389
65510
72033
112853
70195
68575
231982
111297
226167
208575
224579
193207
4572
186675
156581
161649
143613
134336
16842
33394
198670
101803
6292
295319
102112
64565
337111
117227
266791
267570
134630
21904
119457
216694
5359
301107
70460
283593
239819
29058
79298
29052
239084
284097
82209
13297
16372
4443
65634
294939
102342
158422
14033
121517
214274
76630
266152
17028
230796
106651
187517
108673
219588
50797
187619
19884
256839
51357
105652
