259150
130369
349008
41355
46058
932
46730
91280
319184
228223
1666
90405
32751
295175
293719
293
45833
112228
249447
328041
272733
145325
112906
192990
4233
48953
195210
18877
367831
350505
100865
10136
246442
304282
19060
36019
121188
123723
14686
270534
78599
116836
269185
198557
58554
111506
103136
140922
14844
17022
137664
293603
213505
138781
216427
21751
106560
44782
89327
27114
261151
68763
99789
22226
280625
18470
220157
177000
11197
319807
186065
20774
416
9660
132916
125168
302873
20544
126135
1734
295362
322106
225878
132530
46723
81713
7854
7188
191
41889
230047
129577
208779
169748
61399
10750
133400
222859
41155
394754
18265
223151
199288
134399
197099
131420
38928
22611
50328
221827
7344
55084
44516
142738
392451
257332
40793
216489
33140
14250
67148
6279
121984
2313
10740
117903
122453
86529
241402
354705
27552
333228
161709
283695
24895
396
301429
94931
27816
299850
77372
25197
277455
1435
51509
28652
381850
289734
12561
71769
74756
308541
304726
59540
298099
1928
94382
215593
62681
263739
1766
293738
13534
334804
3189
185318
14999
23701
276196
160829
224426
239955
31506
46866
228670
19550
129591
230976
234444
236225
25479
347811
228474
118099
213246
110519
409483
296871
333008
283137
46120
91037
10858
106323
388414
106513
105663
338704
93358
242671
265544
83330
83277
183739
10664
33888
1093
1097
309060
54750
1602
197469
20711
77790
167791
46744
73739
188713
235093
123228
175467
18014
20825
4506
104517
7568
290219
112321
313811
365615
21704
49299
40098
320261
50241
214188
3894
14498
47120
211003
