115045
315623
19261
24644
1565
20268
209590
357963
168457
77561
381438
90781
14111
363276
1078
192307
253619
215386
337030
18803
183457
241835
303900
222808
272425
140415
114614
162831
162123
309950
168585
188373
167976
1374
301984
82041
107735
37073
167706
286688
267433
162854
137714
41545
729
183140
122533
20326
226262
56240
9541
297024
178356
10116
226200
273390
207546
237277
249300
328935
43265
105873
211104
220749
39261
104671
1697
100258
269623
211605
13252
130051
24897
185359
154292
14223
190536
216346
43262
157208
13414
192364
163122
1156
6884
80598
130601
7968
80835
228171
208476
72975
235847
6213
339978
234893
73980
42261
290174
387
18746
227176
57097
12981
78545
141572
289251
324663
295238
122847
126050
81442
231798
59334
30221
42292
7871
92581
34424
234352
72659
136593
10952
76748
6215
251534
166953
83276
7567
46129
50553
221987
9429
292532
12813
328029
407995
166127
75524
56956
4142
87371
333293
186039
266394
185954
392270
261339
137720
99974
223001
2826
15351
12553
2409
240016
5461
9574
148779
10202
161661
224624
314782
107939
196865
103962
39306
63751
64161
299997
299999
310545
301407
61671
106188
257468
28630
259952
158788
4426
226168
180024
6970
249299
330982
19457
189447
249810
398051
1316
260483
11951
143834
196869
263799
122765
17025
41065
310477
25283
23558
239956
208559
33142
84039
63141
235201
157928
225512
194377
11686
3497
115828
137949
183879
15213
334497
394229
103077
20357
110021
20853
11579
266650
215480
4827
14843
6889
111686
149249
8222
1668
349037
190760
290260
51356
216990
146978
10106
107305
