35496
7417
338776
116068
52775
3177
181786
61557
301340
207796
254455
338145
303543
366390
294280
10107
18825
13404
61818
23100
23570
241203
338542
269618
149248
126564
285787
10870
368789
18573
113559
145890
256889
250900
319503
40014
296846
140659
33548
14144
339372
325652
22393
290672
356198
126977
347210
230525
84523
185266
116051
98330
211555
22291
340814
68000
224586
240066
168128
257861
210286
108109
219985
30124
211904
65511
237433
109746
29472
145038
84916
28356
228620
222830
183145
59127
330502
216660
85275
7891
40428
52012
248179
216243
43143
8221
10198
188850
38147
206741
32191
84002
233223
116119
10340
15086
129234
192363
96131
1567
187472
294999
23567
38498
392140
129414
315166
57895
236220
120283
214732
295418
269562
311155
19639
14266
296200
253690
42849
268032
80614
117788
233636
108004
148674
255103
117949
120201
63833
279346
22894
249913
105785
240632
39033
6958
375866
297406
117495
102783
302102
176617
301160
192359
13166
60538
154334
37305
253737
363
399298
113637
137717
190880
184386
20483
313861
418656
16446
191547
14963
207564
198439
167728
12523
57083
238814
73092
40356
25441
348151
24280
79917
23553
56263
10129
29466
223988
3356
192731
38364
75450
126046
66486
228149
103363
189461
185088
2423
122458
20190
1799
4644
216931
365873
2005
79359
118171
8722
187473
96125
19535
94393
60062
14536
225769
10137
324286
194452
15003
145685
302098
24157
22830
320895
1767
145082
114879
120200
28019
285772
117460
151
57612
4525
262371
249656
180667
18471
82128
311726
1592
1249
186029
27819
342077
3682
49321
30517
137776
