143503
14665
152919
3988
309733
4071
702
141472
96274
185046
130
1152
216861
3255
1537
936
12119
32340
1915
1013
1385
16242
23295
3346
7708
17029
1586
2315
2288
95353
3112
56685
6257
17406
23491
3990
66760
10336
1859
181463
6309
1917
18694
13371
825
23097
62227
225
12086
39591
61541
1146
60896
7833
47887
114955
905
6475
81286
27495
112828
128
38739
55689
60897
260608
3251
6869
6290
76912
11083
290114
40979
11657
328537
1495
16219
40540
292024
249317
629
39512
84981
846
24962
3789
23087
14444
3771
3623
111931
50219
17786
227694
55685
19606
75640
14412
263
263209
121070
1787
5837
259216
28954
6217
211
10635
128540
180181
108835
619
351093
4600
11221
12812
269
64538
1596
111552
730
106118
17436
77758
135206
5841
63287
46123
211088
1052
5343
54206
198552
146
20141
205
20482
61246
144
417623
150191
154293
142
39773
329250
132727
231824
3694
1155
208865
4430
134139
715
211667
308537
8255
21552
16849
8485
11840
37755
56992
230970
3229
5840
14132
77703
46305
3176
9929
2858
834
265831
2901
2506
20837
281438
27196
67937
873
1342
283862
12456
103496
25235
37067
75642
641
108667
103678
239599
124241
4463
135076
742
75645
320536
7713
59869
18203
3937
9830
351423
275
325346
22565
185804
309731
217121
937
24645
18802
65773
4429
30157
132132
54230
7291
33292
40445
43215
134134
138435
129094
299412
56423
5946
160293
250315
10957
79217
12877
12892
306682
323156
23614
4307
349449
3968
15864
