12311
108297
63350
240063
17787
297171
330577
30633
271181
188093
754
89314
255346
82458
45142
1660
314081
110375
130646
81869
267546
56971
230423
230166
300630
13412
210208
189296
178250
225848
294941
71436
250523
299160
316953
124240
86840
8761
153026
62538
282391
154545
95899
2543
298314
138703
29054
306173
232090
112155
38043
185172
1577
312712
195452
84004
9306
84893
36205
131917
166750
284507
137443
91346
137669
137692
12898
262290
24074
106862
91614
94389
89513
64719
14379
8801
230818
230073
221559
272059
18800
33143
228424
221492
170240
202905
269406
215587
251032
338848
63420
331201
186677
38497
315651
189968
1700
8237
105506
363190
200451
61480
151955
62382
102691
44772
62537
20886
3950
84008
195299
311511
169278
82405
290681
311623
67999
5960
286110
7872
335804
331565
51222
252201
181512
85102
7771
82442
154952
100308
223503
270819
241403
92822
262370
259959
220731
141547
250092
106819
105073
217301
297023
296355
73742
73738
11541
4189
18148
290175
329490
239952
281191
83282
83196
126646
168874
310163
288377
21696
664
277424
9736
18368
28340
13214
72735
79498
374771
415438
336983
1706
145730
22973
144515
15895
105644
259639
100048
114801
261193
5357
293606
333741
56918
132576
30220
182449
7143
68239
60913
32233
51220
51905
300216
99998
138426
267213
116298
249742
39298
11688
144026
147450
383581
38542
215424
16375
128763
191372
247559
214771
33013
283402
135999
281188
8267
69880
122215
73127
79330
81395
125330
296227
84243
89164
325756
14120
80600
130751
334496
404426
296656
353764
17851
2101
22954
28950
89157
52284
