53144
231561
222130
222107
311019
216215
143837
233032
125993
289307
289599
68227
103006
16157
308825
238011
215724
308964
193209
179099
213374
194274
157929
14117
239203
333989
155751
298220
222825
274775
47138
307375
338953
108111
271923
323154
16818
289210
142672
13492
219668
311011
52396
168338
291324
68001
18903
85896
267977
267718
97842
338482
292568
327529
99788
8376
328934
16778
169764
37556
172774
128460
377360
139789
215449
147002
9657
75857
3683
196284
341517
256515
114064
117435
124247
183563
356907
196258
116285
26950
50759
61449
42596
38541
57606
138051
113764
271896
138553
112332
388995
319111
107635
283323
226319
131623
38315
5356
118055
241094
54754
38507
366110
229794
145896
232108
244918
221306
44710
44774
313882
11027
77214
297539
195117
325935
166758
14138
268045
298093
215251
73015
340550
1339
196560
123355
23605
274772
188512
88890
193300
105755
241910
293140
80912
818
137384
99243
221460
319268
46607
51730
182371
91686
191642
306179
100380
302464
304100
100465
259119
106443
42847
148094
317457
384994
288190
166402
109107
316652
204432
45348
230180
113920
109158
251036
243962
21337
358525
308573
341345
232469
67259
292765
83360
296708
280973
228105
249290
198686
267486
245860
128260
279039
306889
85894
12629
181360
241791
21939
368786
18758
310157
10445
185800
54680
318441
273372
226286
15723
185085
203008
136501
60339
150212
75523
1142
83355
81532
2180
3333
309664
223987
25773
48009
311107
302452
155757
293554
131942
125920
288019
6967
76911
23104
169189
53145
118105
78636
248
24923
23116
36953
42098
268411
257709
187244
280375
205950
68124
