41224
260751
350117
308093
303147
221229
145677
290676
218211
222146
19045
134405
57822
271895
301159
20158
11163
39569
90765
282005
43352
82889
180012
220149
9930
131325
66261
29117
265979
253691
13533
14293
136274
310885
45750
9621
84162
83843
226259
43636
90965
284446
217008
270533
8451
82492
198732
867
247829
169656
105649
206732
53580
245001
7209
114270
91039
13602
234147
207
93412
406334
147817
153
22529
274531
134488
224339
298756
155755
120597
134056
159248
8729
131619
11220
19572
198306
331293
211064
240034
240022
203407
45413
104336
307914
241207
18608
385150
176284
225636
4288
60595
10474
46862
218810
217784
95514
342076
69502
72389
87761
11226
16789
1911
3951
184982
28358
11198
354127
300867
144030
23676
198436
21767
189739
298578
61740
209297
37753
279827
145394
38997
291873
189185
174064
126047
217049
126383
291000
74917
73305
66762
72736
188484
147641
267514
148746
257833
194888
252069
10785
209429
329440
298613
8189
304722
390529
371084
148307
217366
267515
260567
14567
70656
76914
244924
198734
108260
15311
185839
127104
172304
212730
14137
189384
18442
211163
223111
132573
184978
198346
213941
326514
64990
328036
328535
6629
33709
42784
22116
309650
247436
379909
140405
339165
333981
19546
304432
325132
93361
221535
7185
142201
153207
388994
220331
274602
296327
111742
83993
231977
170113
20940
15745
360764
21229
339335
208777
82369
22683
80828
117946
182044
121563
5824
132894
75939
30080
18034
285091
75442
174299
44779
118104
12090
83849
247378
139387
144251
22872
258204
311118
1172
184735
311066
317729
285113
45528
238994
