192751
187054
38968
130372
230199
13002
126048
42554
112322
16775
126653
29069
76436
196282
262368
39669
217236
38180
20705
92957
93357
160387
290104
246754
229060
18249
316577
334533
100310
93360
103312
85855
296847
322956
357038
227551
302427
252809
244637
906
213675
317672
158279
1896
224338
323788
121510
307266
123353
110509
325933
16799
38496
54879
108751
16123
15974
166044
321167
321384
323769
209578
355782
380105
217379
24995
331072
224155
37767
222032
363312
51906
279008
227295
84499
249445
193208
214814
110490
305543
115280
251030
360917
199443
11227
68230
60066
295268
302917
122476
43527
228301
102469
140431
133069
304207
290343
316369
101865
247814
308354
178431
183224
241491
1179
83856
245295
243654
207463
166035
109752
12766
285064
376277
12356
23476
233404
24318
266817
225650
29050
92830
128742
84007
356533
260632
219843
67930
238119
196964
14258
46153
37388
125127
295219
304375
298149
9676
223498
351013
235101
216537
100663
71125
98674
6366
194251
309061
259951
1768
274633
294063
69075
18896
128382
101374
194928
100666
207925
219811
316649
28626
171795
30193
200205
38145
185089
333970
177079
339707
182369
281090
288969
126060
39909
311653
211926
202897
20524
305508
325348
160942
355727
1394
31389
2484
220165
286388
118102
286693
1343
307947
6492
271552
41423
170756
247925
308933
307452
38524
163874
12093
104609
3685
11164
334807
151833
155709
191957
55299
197130
289834
65751
269282
296973
83390
45345
138199
170237
49099
338694
290675
53140
159354
67205
185497
21757
62765
217715
217227
89715
99830
228637
5202
363422
122698
205919
198443
253720
292518
