365482
33016
226209
286982
8374
266193
168075
210822
243985
20136
284386
94313
80212
293935
168089
265348
284362
187083
14312
193206
267513
309062
65632
107194
79243
307267
16384
314362
49561
105708
35579
418399
354828
36880
258302
376291
185073
82443
141046
144028
144257
317243
13303
223130
21338
221307
284375
283521
65495
37548
13493
119462
274151
292856
46296
226902
303627
122099
14344
269242
216100
192740
214353
137690
129592
121896
214681
75525
231868
89140
68234
59892
5759
194239
283863
20198
5834
285383
1656
208841
231560
313981
82048
90372
96892
389532
1809
236520
93735
114739
61562
247785
319423
306197
28755
207566
100902
321753
323794
249297
250004
190903
85232
204977
185731
204694
54842
237824
16899
99599
285687
116295
269859
246056
296359
296305
81347
20855
400366
28372
67446
251917
212276
219604
285890
105970
295871
298159
214521
108717
285708
145237
61027
50308
33706
295257
400763
24155
32181
203020
194573
43935
165784
21022
20583
214307
240968
29486
391865
145040
228638
224578
215928
230170
295267
282683
78991
82145
314651
315775
312659
89970
38505
2760
292387
273385
120504
187471
269657
100150
101819
65223
106738
214577
217844
232395
386057
18362
362837
128670
65750
311719
310494
303552
280840
279408
125929
12094
181209
219810
10550
253855
284453
217612
82047
48062
350121
188521
230348
9730
20478
27700
225563
84871
239652
144278
107596
298365
1584
405490
15002
14518
109763
49574
14566
238768
289775
225210
83997
310313
246818
313982
11225
53142
37845
236385
46298
137774
227983
82382
119565
250544
155706
1092
303545
294646
329152
373909
276326
225395
