276327
237298
58581
348392
145569
82289
288418
290179
142141
339836
340125
46870
249294
326797
211995
229662
124678
187469
100483
5696
212079
298160
251704
270419
370196
236295
294015
283502
86300
84944
83965
16937
163324
107645
129662
295185
16480
251029
239945
256920
100311
82472
63975
353760
230968
57077
255334
325175
158213
289563
238767
51517
247995
299064
203859
139124
363817
379776
17432
279522
280839
330820
72355
403416
192934
61511
24927
145963
12488
66764
315061
43206
29301
41434
71600
37547
336137
262412
50503
124400
71434
88617
142112
83242
279216
164146
293692
146625
174190
292388
124878
176854
209079
284425
203680
218826
10183
29057
316024
231797
41090
228976
335220
330369
301234
220999
297167
298158
271635
137435
315202
363429
107483
214825
65590
322108
22378
75508
255026
313495
309330
289833
214013
296673
229106
214519
24223
14122
276053
247996
185495
4308
238442
234313
272823
339075
22707
120512
106512
309299
309238
77070
317730
22122
184728
185356
140470
202547
183174
117157
304142
329222
295925
122045
220517
38762
9581
17831
102887
109378
274534
20819
188701
215594
111296
326108
312783
247022
310104
291402
171621
320890
146092
293734
41718
173533
213352
222871
220518
12092
286698
371425
294829
13253
65913
110657
318772
227135
42597
28757
27105
207833
161729
11318
77285
209425
109798
208435
65749
1914
8369
239990
172168
110655
242786
18900
29056
1591
214780
18781
298755
248976
332404
42
43154
293400
72042
407011
7189
211675
185034
360936
222721
247994
72102
310900
40675
110826
351054
285065
263735
119531
290180
114220
251778
11229
25564
41153
342283
1588
