90896
184973
101710
139
106982
362627
50763
283668
316814
192010
21292
83268
202892
198713
105886
269858
37131
60074
345354
213904
261856
306949
101108
91197
172045
107484
190877
108300
225714
239906
162662
368812
29095
82147
51903
344272
67795
116860
292965
293934
283396
276402
47639
11526
363692
133630
51929
363426
196772
366334
340711
316487
261253
269856
220156
162428
287133
43943
293607
2931
134701
115288
124414
24162
338645
330119
375295
280716
261149
326898
187477
44773
129041
248218
304735
302830
104405
230909
46081
303903
126816
115069
351099
236523
48729
320011
373781
147611
144173
187478
309936
110904
37150
315184
105231
304332
293635
152918
104491
8215
221660
332538
230911
309435
11161
390319
181736
212830
352875
191067
10556
9547
288635
313466
266862
256149
307042
131108
219607
254601
347610
371547
105709
183008
371629
291334
341182
83994
18677
264548
306789
259659
194003
57015
22708
231516
21046
14119
179994
206335
106737
327027
257816
193168
188106
209563
157783
130232
47486
307444
226234
189511
201102
67710
193564
282609
14359
300256
99860
135252
329299
137885
151282
79850
10346
365481
336176
267214
38537
339908
116859
375063
93898
59905
300395
192693
134329
234178
251819
172258
252243
118100
168309
116758
326111
308887
122183
363816
36513
11199
204693
394427
311034
7205
176831
1590
366579
79920
144283
137718
216138
283285
181505
11993
233349
37030
35436
136337
49562
129782
72864
229152
154725
405398
7149
87370
141173
304716
248112
353950
268587
155454
116737
339180
155708
323982
108099
300446
49685
29258
284157
273339
14620
241548
341727
165773
379640
301171
196074
180015
