23163
160284
176853
254364
174750
38584
35311
44771
113293
52405
100151
247918
50368
115266
147134
23704
113923
126245
111388
287275
142714
66684
16965
271185
95525
289587
305593
329300
257976
110513
203006
283694
99861
92839
289943
370392
221547
413165
84391
234420
195854
228636
73272
92838
281426
377803
223811
140016
144506
263629
73824
126074
217815
310151
260583
124242
180708
78633
47137
216845
228217
360097
97841
121240
134001
21227
200204
255171
38930
343054
284452
300604
222843
160290
14687
262671
296217
200187
165888
73736
294014
228714
96136
285066
118128
290238
105874
24814
264825
215826
78949
229737
279465
280963
122657
43156
379684
392
229846
76187
227547
255983
7564
174302
219836
323987
32391
312989
158036
79421
75543
126677
361394
320129
154340
239793
95593
176852
94151
111689
97032
265828
249295
165800
18140
36000
308559
4354
77590
220875
298421
229802
122646
337892
231517
309933
176855
125026
81551
155337
119717
216313
312261
118101
288189
219223
23604
316657
130240
198523
44101
184493
826
288194
180950
139604
81568
284408
228463
50341
39574
117108
353935
20887
73691
360620
21228
44645
43153
127870
338567
314067
194792
317241
43281
321413
30533
135074
401340
216337
310476
