1250
298304
59708
102714
13210
720
135849
76052
11298
118410
54253
103677
131875
110061
1818
191779
24591
129820
229849
321956
333706
1094
101922
50218
1395
106509
49533
2242
10869
105645
953
957
255
851
101370
1555
18787
156122
3266
16417
364920
33049
2253
20263
740
145370
9832
67747
37587
309124
9702
11138
1551
642
96373
1174
215075
277446
10468
89095
9555
72172
170292
33389
315128
10281
65755
309727
196235
217151
309720
1579
28454
338781
214581
3695
757
15083
85972
62769
157641
1628
3650
224621
185813
33361
945
210141
13369
216894
249380
62985
7680
316637
7177
309726
218771
67141
25832
63857
82315
99132
5351
706
4844
138886
309721
42703
84255
1994
430850
214630
314605
88869
25498
80628
170586
339064
23095
37497
238552
1557
1815
320462
7870
1048
46868
10767
52492
368785
15289
124765
278104
89096
17182
113850
207413
16970
5341
48972
287346
7178
11608
41414
10343
182312
27914
911
333625
350357
56969
1581
3939
20761
1913
205124
2825
309717
16246
165894
248499
183217
2532
296774
21189
25
20992
49957
56427
1719
10746
229
162783
28459
10478
4167
144232
94935
3870
112623
216139
5934
24097
1599
79408
303403
52337
106077
7626
32234
19840
12696
746
14535
707
36354
368897
3007
325602
1874
120917
47566
5935
9752
7731
171444
14510
22419
28820
327490
1100
1553
7969
9544
88428
61847
33495
72039
109106
79816
20144
33358
148177
607
162660
314512
3986
51229
678
1816
401192
43
16419
4145
5458
317554
45853
13962
12457
52798
