30386
315016
37306
290856
309723
36643
35362
7624
250
75507
50267
5473
1114
8001
20802
6280
84156
1575
19604
211232
317675
210885
55690
1735
9722
129784
39142
13376
39384
166034
168058
20836
185084
3010
63941
50223
28082
105737
1993
254208
41565
20758
189832
53390
7970
8180
24275
44123
59896
304421
335206
239680
172531
99399
312029
291333
19583
1115
11894
86306
116054
11157
23487
11168
274532
318704
14761
2106
3753
1058
269896
124
2717
114389
7273
367
72805
1018
135075
10992
142088
37219
66433
11436
27224
58584
22963
130134
2805
56955
44621
9536
257
148107
13378
13218
268
366
99999
67942
67941
81364
150138
3868
151871
16863
165060
47657
1130
230143
6218
30569
343281
225784
10768
258110
2568
6281
7400
73138
2115
205044
2136
303089
4612
144654
168122
7186
66442
384975
1498
1705
24940
82763
230
10562
411
149496
19593
115545
104083
12106
112136
17394
211149
73803
66757
133
236254
83934
18901
8123
20995
1063
82760
48381
329342
198696
2181
22816
284348
2037
1059
57016
123806
328584
25205
91615
7171
26315
12455
35862
9438
287683
94761
81281
250639
51705
45260
139113
77569
7332
188735
8728
23288
24874
206733
9753
5752
104009
84693
212076
364637
1616
172808
41
204486
59883
19002
18816
170291
240473
20128
1150
218
18105
6954
14696
8085
257858
13276
233205
148047
3591
266314
113573
155020
1667
37563
12592
19869
84306
236488
22208
166
38151
11023
324621
161711
83275
5842
3142
74118
1488
54744
25544
51732
16379
54214
249374
