49298
44764
54600
168953
14917
73979
171048
126486
1045
99390
134040
134629
348817
22309
156572
29484
46947
176295
67144
93272
7938
420248
37967
65558
11778
14895
20690
370
76890
79344
83154
299805
15789
2311
16516
91173
18008
61086
744
65246
106722
255878
127
84495
9961
5836
186256
1042
309303
1576
83990
9939
24590
289190
3770
15004
11238
350580
338909
16438
216902
320211
2806
146463
23099
208460
223269
8746
43212
165273
11173
45026
29478
207203
17653
38534
15082
1000
1422
38085
56977
166111
125745
19173
24955
339900
110817
11159
75460
13141
368790
3507
284388
36426
135829
280816
14440
308561
175431
227366
23440
169552
38785
29417
14404
20146
37066
67931
1732
1129
3903
7942
81814
269617
47572
199185
122764
388
194439
102432
14093
308546
728
635
86044
14606
12591
18693
656
7207
18579
247845
2254
1043
13972
202657
6312
252
24096
109758
59534
7979
303044
181958
15047
41729
295075
117548
4304
24812
4305
108558
10993
28297
65124
300648
297311
70604
930
403275
9940
8029
14408
20203
131778
267448
15926
121
72189
1568
348651
1447
50501
714
23050
358
77122
380092
13145
30448
56682
5966
24484
2721
200551
72119
73740
21020
7892
20119
19750
66279
105779
16840
38500
21188
31245
309801
114483
3775
131547
84251
41466
10685
401226
5352
5427
14435
882
220225
171699
117173
67969
262681
38219
224576
322621
276601
277373
37382
295350
25206
4874
189416
322142
759
266
294934
133527
117922
322181
46111
2105
20762
8202
37071
363763
145416
41521
66785
