168540
5965
389618
19494
96128
1318
265119
42811
185182
1509
147297
54598
126487
999
315164
174625
3840
27250
302417
172017
3987
25999
12349
1151
228774
7318
237159
30684
222207
3236
247612
6233
76815
1047
2844
367589
243475
47246
122928
186437
102429
235
228423
5342
109326
7863
216522
84250
3355
20804
220369
1615
116858
3651
63266
12099
24999
139536
168389
294672
23086
38501
383523
868
37675
13347
51678
108062
46308
252657
217143
12580
20346
307265
11331
78407
114304
36966
78171
43533
126656
48380
13003
82761
1023
95772
1153
290656
2865
1054
114924
24875
2719
247897
5958
4629
240407
67971
881
202143
7685
7881
131144
404
2065
227592
28400
13150
1446
75003
281281
316578
58409
22906
125648
174565
1919
114482
17651
47448
66957
283701
2483
64596
217062
21555
2397
276396
71765
8770
301807
5839
36875
268588
164064
4306
25199
80275
401215
625
18264
71221
111681
95002
101534
16581
9580
328725
7700
7190
372216
213903
70983
289208
18174
33014
9819
478
7687
232246
39950
13142
55109
269178
18173
908
296491
1268
1128
1340
3908
54314
334183
26405
94526
16698
1091
284374
120
52356
189550
838
929
105787
88440
360498
13144
1658
268622
214973
81168
66769
19291
14774
9661
122158
22144
82078
161139
14147
69146
23531
15859
35764
18251
37311
84900
9834
83222
270701
105651
6264
124271
122720
192005
9938
18808
55686
1088
45315
69813
380952
310246
30115
2711
184143
13445
96750
1222
49586
187476
72293
123709
202879
80260
397084
47934
4155
268585
7623
