380
33017
177498
59842
8394
43309
123263
76189
8373
91166
102425
11267
126123
47212
115976
217048
51026
27628
14149
274533
105788
126957
16245
309693
992
193905
85269
308560
149220
75695
189289
70981
55845
645
47661
55683
321561
48382
72802
20187
27076
203007
260498
2075
2002
90516
3589
372217
113350
45404
2007
43272
16690
313964
128280
38506
15540
46067
11595
128296
84657
144083
268459
136316
131836
20735
220374
297265
205729
290836
122041
217590
242197
7977
234329
21886
207794
249738
4529
309725
48842
88894
1121
104802
18898
38220
23428
117628
1459
40792
216992
54822
132528
37450
9865
6
237983
134130
227430
208415
2071
267378
192131
60133
253621
369018
295320
163337
322778
210394
1317
260301
302916
20199
85877
216929
23298
4881
105971
29011
7672
156881
328536
328539
484
15292
3660
7611
38900
76134
125885
116087
124268
50358
4446
9880
12095
60332
317758
237082
306177
77663
61334
68997
118343
298651
121570
67972
291303
23101
24098
47554
35972
324006
33708
327292
137844
1098
108100
7755
89049
8060
12346
227977
12549
9573
84275
283320
2890
25545
168671
134
162447
214267
24994
16202
68291
106191
217
30414
24103
10576
62665
131500
12458
22145
12055
280749
16697
3776
36024
13440
145982
116131
146603
329302
81503
3353
86046
214975
293816
101178
12190
7490
7790
52496
86188
319
75297
297264
54191
309233
192811
19337
748
962
1558
27499
1144
28710
16422
21021
2770
75621
61743
356983
123711
5912
621
208455
24920
170222
1589
34292
1061
20642
118430
14295
66596
252050
