257527
22685
72787
4524
732
312672
306755
21116
77422
294369
15001
15865
21861
295083
88429
84795
86753
89943
22115
72804
122227
22329
85433
15097
23289
10154
998
961
101252
1053
121488
144880
1921
44746
1327
57000
55359
55576
180
339
309293
124432
124255
109332
2332
419558
6266
11258
37528
83381
7814
202552
227162
318351
14439
3794
115558
166150
116537
67773
47
65691
114735
90588
113854
95521
669
22384
46065
107473
22376
84395
249480
39240
53405
39115
75388
22663
20205
29803
61395
161142
41411
7990
19665
293395
1808
9654
134733
15844
3791
6952
109088
9307
25317
130104
42725
28362
30791
317548
201275
183110
92696
40293
3349
202367
100952
276431
122651
1376
1578
169553
242767
21553
161725
20997
2880
163121
104380
8692
7280
91493
53682
207163
82758
213
16793
51897
249468
97024
676
125921
314268
1570
230931
2305
121869
290301
373
75495
56683
127349
110825
72239
24811
257211
25204
104333
12924
24101
11170
2358
64553
378943
2308
146608
43091
206734
41076
131693
114576
37456
9983
38398
103372
43332
103305
10482
260604
12569
265833
3411
95202
30154
54783
54516
44517
184722
116779
302805
26313
219268
3344
45060
10120
149977
22051
347465
182787
47856
147400
9735
11171
38133
192059
333756
68020
38905
29407
262
47213
113290
1101
37419
6699
56946
1883
21595
21039
10489
19079
210018
123331
16825
36887
42700
332641
40358
28380
83132
139233
6960
220235
23297
339178
24099
24224
126955
19867
11263
198875
68108
1504
193685
79582
343288
102428
216765
23675
14143
