182343
72234
84520
9711
99146
126077
101939
25236
66571
294685
144029
317170
65209
338749
3748
4181
117635
24169
351
138849
266306
20957
17347
19453
79712
160941
212594
208390
111292
22040
121211
54751
258327
74210
137591
397111
264804
294128
145
220311
297734
75031
12091
19385
8026
22516
1003
11912
7691
4476
260606
206156
44715
31951
6955
331474
331723
30096
32026
82389
139742
339603
67450
62536
205921
403269
19679
165745
14148
209562
276820
216766
261765
1169
2943
1191
28245
2111
183218
1319
23081
55374
660
338691
129822
294661
322105
49363
229635
67943
233243
38087
246833
128671
12056
24796
66759
308536
291400
295004
110520
104137
132028
55799
105700
169077
243426
16692
36967
5353
47653
22105
47555
23561
22724
192317
47817
12188
41523
14233
145434
967
110705
208774
8403
3408
6201
102690
1798
306743
119176
152
111553
3232
323768
35312
226660
182389
137461
138967
247868
56981
195236
169049
173141
4375
89516
11217
94547
91434
11734
111885
269269
2878
55774
199711
1024
7148
49956
172842
123964
161140
234211
161141
9943
747
1844
79403
48029
18469
52057
57603
59580
320054
72022
29055
30413
191555
221745
212
41405
190099
28428
13656
254405
139664
136382
285075
10859
100152
127433
223202
7834
733
16694
184409
64022
997
673
143835
277553
36965
213507
40135
213240
6959
135697
215
13266
286348
15843
3239
38303
271599
319842
96472
29483
285725
97355
222145
428
97551
43260
148232
280683
339525
310158
408
144084
43348
83523
216535
130208
189484
45376
158006
86416
298157
22229
16845
