62229
1126
2113
283730
105699
13
943
4723
280440
2736
3154
4828
195573
1127
54898
88868
15717
295044
1502
51361
328585
205917
24059
174632
291280
146598
1536
227
7978
385912
12596
46094
15912
73681
608
192977
97911
6818
2213
7801
249296
3237
20188
609
343
4126
3035
40
137442
284100
6278
14
2720
13426
3017
277
11028
2739
104911
1075
3347
4176
56705
3938
708
955
3772
1076
5418
5395
11736
236561
722
56363
41424
4166
10199
162833
22574
66198
117065
4022
1312
5943
39066
1500
1259
22660
88413
2731
700
260
634
1143
155358
261
951
16203
56706
1167
258831
45396
232
43325
9927
249470
109118
845
1111
8791
73806
88765
39259
2114
267055
8234
2287
2832
219
2730
101989
11136
278949
15675
4211
4347
79183
9658
11230
2038
2041
1573
8642
295957
144881
1654
718
447
38979
1341
954
19391
2118
50761
316
15094
1089
1916
29049
33895
339162
1598
939
2112
18443
2109
2221
308947
8641
16418
226956
1900
147713
12280
1148
35655
38363
1501
26943
1889
618
10038
949
940
2831
47659
3354
1795
112339
75834
205915
7885
20810
209250
4231
721
3345
1020
387052
2055
80705
1012
1659
9560
3119
167531
723
942
4478
200763
7709
9543
19873
705
405362
78442
745
143
45938
44743
8703
1548
52
9
1604
6486
4241
606
194932
215470
205373
41077
1698
43372
137992
6310
7868
1416
119895
25237
21563
3056
17035
185189
333684
116343
8407
35656
719
20189
205916
9958
22905
185181
2039
279054
204
13966
180706
18273
137643
134929
7294
1817
125131
734
2117
277516
4199
1079
1918
1168
35871
725
17852
18659
7711
308562
37473
64718
1154
271
57359
321358
3235
228
203
9831
724
24083
2679
4460
50544
2273
1908
157916
137458
2116
309719
55688
137588
61508
309734
154754
72036
309730
703
933
2227
45616
113437
309732
140681
70707
6991
4309
22634
12084
3034
184551
347
67932
16108
4643
1669
42337
65689
152680
10541
3195
82381
704
186554
264147
62228
1073
1149
8612
111824
30156
291468
18012
49209
20202
15665
64386
3692
223159
14426
716
221638
2040
281992
3557
638
284505
3730
223
1597
23103
7313
1733
8463
309729
129
274530
7762
105697
35358
36637
41357
75639
640
1057
108490
701
137445
796
4798
6956
401184
309722
71953
2110
221
1647
212376
171861
9941
94990
1534
3009
121307
20936
4219
105778
148793
2692
19643
11268
235675
2900
2247
3238
3863
950
116984
11129
859
3504
9909
117092
83293
3230
2134
18761
2533
56954
677
249292
11589
238668
216896
46874
77626
29340
8271
314297
298620
171
709
45
51228
210068
23563
234026
1812
99290
47999
3839
49316
8404
216107
290599
109626
13018
4594
874
5916
125937
1929
215134
17041
104910
143503
14665
152919
3988
309733
4071
702
141472
96274
185046
130
1152
216861
3255
1537
936
32340
1915
16242
23295
3346
7708
17029
1586
2315
2288
95353
3112
56685
6257
17406
23491
3990
66760
10336
1859
181463
6309
1917
18694
13371
825
23097
62227
225
12086
39591
61541
1146
60896
7833
47887
114955
905
6475
81286
27495
112828
128
38739
55689
60897
260608
3251
6869
6290
11083
290114
40979
11657
328537
16219
40540
292024
249317
629
39512
84981
24962
3789
23087
14444
3771
3623
111931
50219
17786
227694
55685
19606
75640
14412
263
263209
121070
1787
5837
259216
28954
6217
211
10635
128540
180181
108835
619
351093
4600
11221
12812
269
64538
1596
111552
730
106118
77758
135206
5841
63287
46123
211088
1052
5343
54206
198552
146
20141
205
20482
61246
144
417623
150191
154293
142
39773
329250
132727
231824
3694
1155
208865
4430
134139
715
211667
308537
8255
21552
16849
8485
11840
37755
56992
230970
3229
5840
14132
77703
46305
3176
9929
2858
834
265831
2901
2506
20837
281438
27196
67937
873
1342
283862
12456
103496
25235
37067
75642
641
108667
103678
124241
4463
135076
742
75645
320536
7713
59869
3937
9830
351423
275
325346
22565
185804
309731
217121
937
24645
18802
65773
4429
30157
132132
54230
7291
33292
40445
43215
134134
138435
129094
56423
5946
160293
250315
10957
79217
12877
12892
306682
323156
23614
4307
349449
3968
15864
1250
298304
59708
13210
720
135849
76052
118410
54253
103677
131875
110061
1818
24591
129820
229849
333706
1094
101922
50218
1395
106509
49533
2242
10869
105645
953
957
255
101370
1555
18787
156122
3266
16417
33049
2253
20263
740
145370
9832
67747
37587
309124
9702
11138
1551
642
96373
1174
215075
277446
10468
89095
9555
72172
170292
33389
315128
10281
65755
309727
196235
217151
309720
1579
28454
338781
214581
3695
757
15083
85972
62769
157641
1628
224621
185813
33361
945
210141
13369
216894
249380
62985
7680
7177
309726
218771
25832
63857
82315
99132
5351
706
4844
138886
309721
42703
84255
1994
430850
214630
314605
88869
25498
80628
170586
339064
23095
37497
1557
1815
320462
7870
1048
46868
10767
52492
368785
15289
124765
278104
89096
17182
113850
207413
16970
5341
48972
287346
7178
11608
41414
10343
182312
27914
911
333625
350357
56969
1581
3939
20761
1913
205124
2825
309717
183217
2532
296774
21189
25
20992
49957
56427
1719
10746
229
162783
28459
10478
4167
144232
94935
3870
112623
216139
5934
24097
1599
79408
52337
106077
7626
32234
19840
12696
746
14535
707
368897
3007
325602
1874
120917
47566
5935
9752
7731
171444
14510
22419
28820
327490
1100
1553
9544
88428
61847
33495
72039
109106
79816
20144
33358
148177
607
162660
3986
51229
678
1816
401192
43
16419
4145
5458
45853
12457
52798
30386
315016
309723
36643
35362
7624
250
50267
5473
1114
8001
20802
6280
84156
1575
19604
211232
317675
210885
55690
1735
9722
129784
39142
13376
166034
168058
20836
185084
3010
63941
50223
28082
105737
1993
254208
41565
20758
189832
53390
7970
8180
24275
59896
304421
335206
172531
99399
312029
291333
19583
1115
11894
86306
116054
23487
274532
318704
14761
2106
3753
1058
269896
124
2717
7273
367
72805
1018
135075
10992
142088
37219
66433
11436
27224
22963
130134
2805
56955
44621
9536
257
148107
13378
13218
268
366
99999
67942
67941
81364
150138
3868
151871
16863
165060
47657
230143
6218
30569
343281
10768
258110
2568
6281
7400
73138
2115
205044
2136
303089
4612
144654
168122
7186
66442
1498
1705
24940
82763
230
10562
411
149496
19593
115545
12106
112136
17394
211149
73803
66757
133
236254
83934
18901
8123
20995
1063
82760
48381
329342
198696
2181
284348
2037
1059
57016
123806
328584
91615
7171
26315
12455
35862
9438
287683
94761
81281
250639
51705
45260
77569
7332
188735
8728
23288
24874
206733
9753
5752
104009
84693
212076
364637
1616
172808
41
204486
59883
19002
18816
170291
20128
1150
218
18105
6954
14696
8085
257858
13276
233205
148047
3591
266314
113573
155020
1667
37563
19869
84306
236488
22208
166
38151
11023
161711
5842
3142
74118
1488
54744
25544
51732
16379
54214
249374
49298
44764
54600
168953
14917
73979
171048
126486
1045
99390
134040
134629
22309
156572
46947
176295
67144
93272
7938
420248
37967
65558
14895
20690
370
76890
79344
83154
299805
15789
2311
16516
91173
18008
61086
744
65246
106722
255878
127
84495
9961
5836
186256
309303
1576
9939
24590
289190
3770
15004
11238
350580
338909
16438
216902
320211
2806
146463
23099
208460
223269
8746
43212
165273
45026
29478
207203
17653
38534
15082
1000
1422
38085
56977
166111
125745
19173
110817
11159
75460
13141
368790
3507
284388
36426
135829
280816
14440
308561
175431
227366
23440
169552
38785
29417
14404
20146
37066
67931
1732
3903
7942
81814
269617
47572
199185
122764
388
194439
102432
14093
308546
728
635
86044
14606
18693
656
7207
18579
247845
2254
1043
13972
202657
6312
252
24096
109758
59534
7979
303044
181958
15047
41729
295075
117548
4304
24812
4305
108558
10993
28297
65124
300648
70604
930
9940
8029
14408
20203
131778
267448
15926
121
72189
1568
1447
50501
714
23050
358
77122
380092
13145
30448
56682
5966
24484
72119
73740
21020
7892
20119
66279
105779
16840
38500
21188
31245
309801
114483
3775
84251
41466
10685
401226
5352
5427
14435
220225
171699
117173
67969
38219
224576
322621
276601
37382
25206
4874
189416
759
266
294934
133527
117922
322181
46111
2105
20762
8202
37071
145416
41521
66785
168540
5965
389618
19494
96128
1318
265119
42811
185182
1509
147297
54598
126487
999
315164
174625
3840
27250
302417
172017
3987
25999
12349
1151
228774
7318
237159
30684
222207
3236
247612
6233
76815
1047
2844
47246
186437
102429
235
228423
5342
109326
7863
216522
84250
3355
20804
220369
1615
63266
12099
24999
139536
168389
294672
23086
38501
868
37675
13347
51678
108062
46308
252657
217143
12580
20346
11331
78407
114304
36966
78171
43533
126656
48380
82761
1023
95772
1153
2865
1054
114924
24875
5958
4629
240407
67971
881
7685
7881
131144
404
2065
13150
1446
75003
281281
316578
58409
22906
125648
1919
114482
47448
66957
283701
2483
64596
217062
21555
2397
276396
71765
8770
5839
36875
268588
164064
4306
25199
80275
401215
625
18264
111681
95002
16581
9580
7190
372216
213903
70983
289208
18174
33014
9819
478
7687
232246
39950
13142
55109
269178
18173
908
296491
1268
1340
3908
54314
334183
26405
94526
16698
1091
284374
120
52356
189550
929
88440
13144
1658
268622
214973
81168
66769
19291
14774
9661
122158
22144
82078
161139
14147
69146
23531
15859
35764
18251
84900
9834
83222
270701
105651
6264
124271
122720
192005
9938
18808
55686
45315
69813
310246
30115
2711
184143
13445
96750
1222
49586
72293
123709
202879
80260
397084
47934
4155
268585
7623
380
33017
177498
8394
43309
123263
76189
8373
102425
11267
126123
47212
217048
51026
27628
14149
274533
105788
126957
16245
309693
992
193905
85269
308560
75695
70981
55845
645
47661
55683
321561
48382
72802
20187
27076
260498
2075
2002
90516
3589
372217
113350
45404
2007
43272
16690
128280
38506
15540
46067
11595
128296
84657
144083
136316
131836
20735
297265
205729
290836
122041
217590
242197
234329
21886
207794
249738
4529
309725
48842
1121
104802
18898
38220
23428
117628
1459
40792
216992
54822
37450
9865
6
237983
134130
227430
208415
267378
192131
60133
163337
210394
1317
260301
302916
20199
85877
216929
23298
4881
105971
29011
7672
156881
328536
328539
484
15292
3660
7611
38900
76134
125885
116087
124268
50358
4446
9880
12095
60332
317758
237082
306177
77663
61334
68997
118343
298651
121570
67972
291303
23101
24098
47554
35972
33708
327292
137844
1098
7755
89049
8060
12346
227977
9573
84275
2890
25545
168671
134
214267
24994
16202
68291
106191
217
30414
24103
10576
62665
12458
22145
12055
280749
16697
3776
36024
13440
145982
116131
146603
329302
81503
3353
86046
214975
293816
101178
12190
7490
7790
52496
86188
319
75297
297264
54191
309233
192811
748
962
1558
27499
1144
28710
16422
21021
2770
75621
61743
356983
123711
5912
621
208455
24920
1589
34292
1061
20642
118430
14295
66596
22685
72787
4524
732
312672
306755
21116
77422
294369
15865
21861
84795
86753
89943
72804
122227
22329
85433
15097
23289
10154
998
961
101252
121488
144880
1921
44746
1327
57000
55359
55576
180
339
124432
124255
109332
2332
419558
6266
11258
37528
83381
7814
227162
318351
3794
115558
166150
116537
67773
47
65691
90588
113854
95521
669
22384
46065
107473
22376
84395
249480
39240
53405
39115
75388
22663
20205
29803
61395
161142
41411
7990
19665
293395
1808
9654
134733
15844
3791
6952
109088
9307
25317
130104
28362
30791
317548
201275
183110
92696
40293
3349
202367
100952
122651
1376
1578
169553
242767
21553
161725
20997
2880
104380
8692
7280
91493
53682
82758
213
16793
51897
249468
97024
676
125921
314268
1570
230931
2305
121869
373
75495
56683
127349
110825
72239
24811
257211
25204
104333
12924
24101
11170
2358
64553
2308
146608
43091
206734
41076
131693
114576
37456
9983
38398
103372
10482
260604
12569
3411
95202
30154
54783
44517
184722
302805
26313
219268
3344
45060
10120
149977
22051
347465
182787
47856
9735
11171
38133
192059
333756
68020
38905
262
1101
37419
6699
56946
1883
21595
21039
10489
19079
210018
123331
16825
36887
42700
332641
40358
28380
83132
139233
6960
220235
23297
339178
24099
24224
126955
19867
198875
68108
1504
193685
79582
343288
102428
23675
14143
182343
72234
84520
9711
99146
126077
101939
25236
66571
294685
144029
317170
65209
338749
3748
4181
117635
24169
351
138849
266306
20957
17347
19453
79712
160941
212594
111292
22040
121211
54751
258327
74210
137591
264804
294128
145
75031
12091
8026
22516
1003
11912
7691
4476
260606
44715
6955
331723
30096
32026
82389
139742
339603
62536
205921
19679
165745
14148
209562
276820
261765
1169
2943
1191
28245
2111
1319
23081
55374
660
338691
129822
49363
229635
67943
233243
38087
246833
128671
12056
24796
66759
308536
295004
110520
104137
132028
55799
105700
169077
16692
36967
5353
47653
22105
47555
23561
22724
192317
47817
12188
41523
145434
967
110705
208774
8403
3408
6201
102690
1798
306743
119176
152
111553
3232
323768
35312
226660
182389
137461
138967
247868
56981
195236
169049
4375
89516
11217
94547
91434
11734
111885
269269
2878
55774
199711
1024
7148
49956
172842
123964
161140
234211
161141
9943
747
1844
48029
18469
52057
57603
59580
320054
72022
29055
30413
191555
212
41405
190099
13656
254405
139664
10859
100152
127433
223202
7834
733
184409
64022
997
673
143835
277553
36965
213507
40135
213240
6959
135697
215
13266
286348
15843
3239
38303
271599
96472
285725
428
97551
43260
148232
280683
339525
408
144084
43348
83523
216535
189484
158006
86416
22229
16845
127873
8611
138493
56957
38490
308257
47553
11259
38134
1559
66768
2824
135183
3178
3234
127053
23108
23085
2452
340225
185807
266863
231581
56703
3983
11053
22690
102176
107673
58561
209715
6204
19609
89099
21015
131106
28816
40071
130136
259600
20941
29068
206
292775
50224
359978
3913
10945
2879
84308
99090
2446
13254
2119
188600
220643
971
28364
327616
313995
175513
10747
647
206159
56241
11822
931
27468
394615
58647
145329
328321
332512
313474
52339
223595
55419
18801
22302
111548
97718
1585
1123
5344
19632
107501
38223
52059
2360
18460
88700
278458
6927
314914
283554
41303
360350
216446
23427
18255
404023
11826
33019
15887
36420
30409
173987
54601
167726
4302
14621
14034
113638
227963
192421
195407
207082
239954
117677
183731
210879
124661
1016
126958
192420
264568
216993
56996
10932
271954
6391
91500
12220
308689
4209
3531
94538
11418
2304
295308
4203
76937
56735
18973
81373
18806
18302
61156
283577
61556
19571
63285
79763
13444
305045
25687
99835
938
99321
23670
47660
48015
67988
68971
7
110791
22126
218919
310881
311080
11128
217199
154814
19479
761
11133
8387
54231
249305
3240
72024
1863
78544
146226
196861
46317
70342
66956
23083
232339
29469
736
229817
3363
18438
8087
214115
359879
30612
213239
49041
18878
246920
283762
60380
6945
35587
10763
132471
13039
39314
217200
6969
277218
17113
92256
994
52407
5438
1572
9974
48908
144518
140897
7316
6203
52058
984
77121
205911
216937
205061
13169
23628
284434
220313
18610
23130
111620
62915
146579
63973
20854
77191
137573
33886
338916
66959
77189
161138
219901
167532
176612
9942
308542
174767
56949
2031
280160
11077
9542
6376
268337
187924
92129
54703
202908
104163
317476
37399
16916
141598
65988
22300
22512
27717
309301
140778
73486
215199
75622
35765
331695
123497
55199
37141
292923
231820
49587
114505
50604
383
390
47559
146656
49884
309691
9575
341332
264182
293800
16518
309724
9944
3820
79687
1554
138202
284545
16237
213673
6289
34486
228194
134628
285795
280851
12285
19575
19822
11137
161787
1118
1125
85276
16792
211129
19595
33393
3272
268594
169543
1336
115947
50757
1087
217081
11261
100415
47490
3114
10958
40514
14614
76012
30308
107394
24813
11127
56688
254315
4521
380514
315065
22228
38980
105646
30078
760
159266
35697
35615
32758
1332
41064
134396
38755
235011
41196
37589
297996
38492
41870
128743
28228
142274
245345
216844
13038
21547
207531
216380
9656
178373
92153
72776
13374
14142
102098
103032
6488
14906
3684
1693
13631
342841
22103
68004
5472
273991
9545
912
294176
20456
229269
228512
314034
3352
2250
218891
19218
14357
189765
79113
1411
11586
64275
141778
85709
66958
4638
72031
248255
118591
23559
46122
171164
48851
37426
341
1060
46127
132026
123333
12478
131786
10895
54761
91401
41556
11047
173704
3785
14140
6968
130211
321297
1090
246055
68691
11166
4289
110816
21014
155695
340438
11626
23324
220308
249046
84392
84040
2758
61509
166395
167689
226257
94422
20145
23098
19876
188755
123
99713
46125
4633
3050
195575
1159
17024
110795
331590
10458
289456
19878
19874
181569
304380
73451
67944
339340
339167
145113
68780
112320
216913
79629
19875
119649
84032
10563
36901
211513
56244
9950
360
126727
208500
150773
197
631
266333
991
28756
44787
19078
225424
34235
230116
43190
138392
16424
368788
30114
30507
1158
319710
292307
9975
91698
114555
72788
753
110653
58399
15439
123953
11627
117691
243418
299855
267261
98856
309736
119421
150812
74655
39383
109570
10118
76106
249462
37544
11609
63034
66761
65761
139852
12522
26451
64566
137446
112335
32232
119538
3860
126258
9845
2843
18013
281454
396111
13310
9677
166873
1409
183287
567
184146
31386
197964
198312
138930
64047
331402
223578
268578
121031
45908
41356
136131
300677
136477
33309
77755
77776
30412
283858
126028
214488
12320
19871
19460
14760
285076
73647
13413
336031
364770
142275
105064
12185
259016
259117
16355
331655
21864
47757
9659
46071
988
54215
9004
91627
31450
10499
176973
55027
183042
44770
49113
136773
325000
3534
2347
184714
33139
172745
52639
19541
145858
45940
23429
151187
10293
18904
372044
12816
16847
388167
295081
16677
83359
84915
19388
187128
41154
59895
227448
691
14441
120299
121971
59079
210274
68060
241623
165417
67940
312844
116111
12814
126928
13592
66946
3218
1022
46118
38925
30155
338917
80316
7416
252546
101844
45069
250374
4987
228132
353089
93483
28575
44519
16128
3912
44762
21311
21862
12562
21075
99311
369031
40387
7757
294718
279089
665
212138
18770
19577
7457
79468
17026
255032
137
79715
50756
3231
10157
134713
186291
29142
11100
16959
200549
2003
95823
60668
29048
10153
105143
103155
65401
96692
13589
6295
2330
10983
41420
24107
67945
14177
205924
16391
1160
202158
1021
301313
1095
197345
196972
272
4156
316126
230935
248666
230945
41707
45231
323789
23090
96333
96374
1157
117206
26452
334753
15927
176606
27513
25682
338642
20879
59743
8206
383608
9729
132027
210821
7678
51689
149506
44518
28301
43958
123740
390048
185173
50509
13598
144163
18250
80440
127350
19394
198830
38504
2755
276576
188739
710
240006
36981
130918
100169
74223
210313
1122
964
255030
84041
1569
198057
19702
102363
20186
242779
1571
88443
127170
18777
126534
79615
139310
147887
4492
62583
28324
56937
147327
24965
1503
18769
47855
113930
266230
50762
324849
192316
70817
19459
25785
13522
5949
10344
120511
296313
14992
179995
274535
42794
52763
256657
26648
73126
46110
326589
233869
156763
215197
1765
225579
110696
189785
41445
203848
369049
21694
83322
115963
327394
166691
672
26722
115336
49219
137773
126797
308747
4076
228216
52036
126841
22146
10652
50232
10114
1173
387284
281189
242675
84240
205292
283338
25122
70717
41410
19560
33496
33609
71737
81441
306986
4502
68231
46773
36979
98063
630
6957
197990
8224
33257
292888
326805
332175
259471
19638
666
184447
16873
49104
114549
3162
83995
147167
28017
1587
257490
317530
38503
61144
28438
14521
111703
71961
11169
228443
6374
198638
109486
21938
36321
236596
235103
63856
205103
7828
148406
274627
125180
216117
24978
289305
261152
1337
365875
16392
89046
43108
30611
27146
48002
100391
315975
23703
232119
16520
3906
24719
125779
56242
3358
195737
323787
279009
184282
137460
6206
226693
56243
169767
82424
9946
142752
84315
1245
20176
248719
148179
51684
82698
39506
71437
75717
228086
19576
4893
314563
294629
21728
23562
192868
293712
338912
342591
223487
273915
104082
184047
20697
270
61953
107346
42702
62892
262376
80615
19545
52366
59203
58677
290193
105074
22680
86074
141625
43209
266384
279245
28965
11218
49105
1549
256076
46115
220185
44
267710
223087
108664
87765
58942
35561
112337
100309
19790
167
60382
284373
407711
89145
18011
6311
9962
84768
101172
52776
105648
279655
12460
5838
63284
39811
19125
23557
33391
94381
636
1410
36574
47491
190255
322129
222
265240
176
39851
246370
130042
67998
127501
254793
196487
281956
15707
220250
256658
50755
354664
155705
21548
72789
355565
3508
113633
314066
315130
67439
14436
201077
137883
315601
94560
14437
197098
49244
176138
220668
28402
28344
125097
10847
85956
14496
11554
239586
338772
265248
15863
7847
120279
58612
156140
71575
13385
76938
22143
4647
49285
11219
13007
99398
100291
69329
104012
155364
40479
24963
22176
4389
57094
53780
50360
49902
175
37004
35003
84769
84358
90173
15327
84249
283667
113276
69423
7980
283693
15886
18076
22342
20402
48014
314212
98518
108440
39593
237097
122695
331070
68573
78635
22706
105738
40405
7245
10487
217434
1550
136151
115
64989
27915
996
14158
249372
309211
47558
11222
7554
67221
216911
1566
175552
25370
275771
47136
73977
104520
47297
221707
83093
19881
111542
331079
114962
10501
89408
113128
146910
77001
283197
26175
3681
218742
24876
1564
22807
144086
49215
24319
401334
27712
53146
18412
6965
48844
26830
185493
327364
8158
193036
14712
215635
170323
72026
20161
52500
1051
53008
81657
280732
189483
22029
143128
84203
184874
15872
102256
32752
99757
24878
251874
19590
22224
17023
169766
28774
29138
85420
145736
210637
74985
108428
145623
241789
21073
104610
246899
230895
307921
68019
201127
66657
120280
358103
56713
104780
20154
208102
1657
18757
50552
55691
16917
132958
216932
47489
182957
49101
47274
216692
14445
194343
100697
24468
9643
144653
214362
48764
198432
37664
235095
44759
40513
58072
73826
79483
328831
3343
40297
209688
206403
210224
13153
66964
295806
94278
221834
28960
331486
49035
233197
986
194380
123492
18969
47214
72032
6953
230411
44747
119624
304394
344985
81488
47446
211722
111
192546
4
1736
220184
161761
228510
118
11024
23674
92837
101788
7265
34107
180011
6681
65759
22034
295288
2753
25574
61073
193290
233843
51602
713
308539
136179
120227
306154
231264
385
255329
143124
221177
250372
140399
111618
317674
218369
22446
22431
30159
20814
366180
20704
52060
136802
357164
29017
8705
119613
130169
249461
128936
14869
382113
293544
59894
212330
84024
7279
161195
26459
10611
208260
283024
207431
67152
30192
7382
16369
204293
76390
7645
7866
46297
66342
336526
9818
125
215883
684
194172
151436
49796
54162
24945
353905
20908
129313
12938
311666
129413
648
216490
19170
375931
30048
249306
147862
49102
29191
181528
216488
105876
306953
214100
17806
256172
256609
274528
196558
337709
206205
132752
68002
213197
269615
138443
327445
25144
95535
16353
2312
238720
306689
198543
198051
321392
234192
10119
128402
6293
297767
115702
72737
13415
1465
13095
87061
95042
105309
10434
107883
254126
192495
4888
208378
208380
29397
158290
90859
90496
106847
217773
339016
185183
40674
19640
19048
49210
196255
38970
4044
15739
118063
202243
46655
230424
2345
110516
28450
62766
10871
26826
119948
198187
249223
137448
1086
22649
317328
248176
84917
98072
29051
78328
77099
338747
103961
14942
99775
24092
30097
249291
61010
41615
3804
48975
65510
72033
112853
70195
231982
111297
226167
208575
224579
193207
4572
156581
161649
134336
16842
33394
6292
102112
64565
117227
266791
134630
21904
119457
216694
5359
301107
70460
239819
29058
79298
29052
239084
284097
16372
4443
294939
102342
14033
76630
17028
230796
187517
219588
50797
187619
19884
256839
51357
105652
349008
41355
46058
932
46730
91280
319184
1666
90405
32751
293719
293
45833
249447
328041
272733
145325
112906
4233
48953
18877
100865
10136
246442
304282
19060
36019
123723
14686
270534
116836
198557
111506
103136
140922
14844
17022
137664
293603
138781
106560
44782
89327
27114
261151
68763
280625
18470
177000
11197
186065
20774
416
9660
132916
125168
302873
20544
1734
322106
225878
132530
46723
81713
7854
7188
191
41889
230047
129577
208779
169748
10750
133400
41155
394754
18265
223151
199288
134399
197099
131420
221827
7344
55084
44516
257332
216489
14250
67148
6279
121984
2313
10740
117903
122453
86529
354705
27552
333228
161709
283695
24895
396
94931
27816
77372
277455
1435
28652
12561
71769
308541
59540
1928
215593
62681
293738
13534
3189
185318
23701
160829
224426
239955
31506
228670
19550
129591
230976
234444
236225
228474
110519
333008
283137
46120
91037
10858
106323
105663
242671
265544
83330
10664
33888
1093
1097
309060
54750
1602
197469
20711
77790
167791
46744
188713
235093
123228
18014
20825
4506
104517
7568
112321
313811
365615
21704
49299
40098
50241
214188
3894
14498
47120
211003
115045
315623
19261
24644
1565
209590
168457
77561
381438
363276
1078
192307
253619
215386
337030
18803
222808
272425
140415
162831
309950
168585
167976
1374
82041
107735
37073
167706
286688
162854
41545
729
122533
20326
226262
56240
9541
178356
10116
273390
207546
237277
249300
328935
43265
105873
211104
220749
39261
104671
1697
211605
130051
24897
185359
154292
216346
43262
157208
13414
1156
6884
130601
7968
208476
72975
235847
6213
234893
290174
387
18746
57097
324663
295238
122847
126050
81442
59334
30221
92581
34424
72659
136593
10952
76748
6215
251534
166953
7567
46129
50553
9429
292532
12813
328029
166127
75524
56956
4142
333293
266394
185954
392270
261339
137720
223001
2826
15351
12553
240016
5461
9574
148779
10202
224624
107939
196865
103962
39306
63751
64161
299997
299999
106188
257468
28630
259952
158788
4426
226168
249299
330982
19457
249810
1316
11951
143834
17025
41065
310477
23558
239956
208559
33142
84039
63141
235201
225512
194377
11686
3497
115828
137949
183879
334497
103077
20357
110021
20853
11579
266650
215480
4827
14843
6889
111686
1668
190760
51356
216990
146978
10106
107305
35496
7417
338776
116068
52775
3177
61557
254455
303543
366390
10107
18825
13404
23100
338542
149248
285787
10870
368789
18573
113559
145890
256889
319503
40014
140659
33548
14144
339372
22393
290672
356198
126977
347210
230525
84523
185266
116051
98330
22291
340814
68000
224586
168128
257861
210286
108109
219985
65511
237433
29472
145038
84916
28356
228620
222830
183145
59127
216660
85275
40428
248179
216243
43143
10198
188850
38147
32191
116119
15086
129234
96131
1567
187472
294999
38498
129414
315166
57895
236220
214732
19639
14266
296200
80614
117788
233636
108004
148674
117949
120201
63833
279346
22894
105785
240632
39033
6958
375866
297406
117495
102783
176617
301160
13166
60538
154334
37305
363
399298
113637
190880
184386
20483
313861
418656
16446
191547
14963
198439
167728
57083
73092
40356
25441
348151
24280
79917
23553
56263
10129
3356
192731
38364
75450
66486
228149
189461
185088
122458
1799
4644
216931
2005
8722
187473
96125
19535
60062
14536
10137
15003
145685
24157
22830
320895
1767
114879
120200
28019
285772
117460
151
57612
4525
249656
180667
18471
82128
1592
1249
186029
27819
342077
3682
49321
137776
12311
108297
63350
17787
297171
330577
30633
188093
754
89314
255346
82458
314081
110375
130646
56971
230423
300630
13412
189296
178250
225848
71436
316953
86840
8761
153026
62538
154545
95899
2543
298314
138703
29054
306173
112155
185172
1577
312712
195452
84004
9306
84893
36205
131917
284507
137443
12898
262290
24074
106862
91614
94389
89513
64719
14379
8801
230073
18800
33143
228424
221492
170240
202905
269406
251032
338848
331201
186677
38497
189968
1700
8237
105506
200451
61480
151955
62382
102691
62537
20886
3950
195299
169278
67999
5960
286110
7872
335804
331565
51222
252201
85102
7771
82442
154952
100308
270819
92822
259959
141547
105073
217301
73738
11541
4189
18148
290175
329490
239952
83196
126646
168874
310163
288377
21696
664
9736
18368
28340
13214
72735
374771
415438
1706
145730
144515
15895
105644
259639
261193
333741
132576
30220
182449
60913
32233
51220
51905
300216
99998
138426
267213
116298
39298
11688
144026
147450
383581
38542
215424
128763
191372
214771
33013
135999
281188
8267
69880
122215
79330
81395
125330
296227
84243
325756
14120
130751
334496
296656
2101
22954
311019
216215
125993
289307
103006
308825
238011
215724
213374
194274
239203
155751
222825
47138
307375
338953
108111
323154
16818
289210
142672
13492
219668
311011
52396
168338
68001
18903
85896
267718
97842
327529
99788
8376
328934
16778
169764
37556
172774
128460
377360
139789
215449
9657
75857
3683
196284
341517
114064
117435
124247
183563
196258
116285
26950
50759
61449
42596
38541
57606
113764
138553
112332
319111
107635
283323
131623
38315
118055
54754
38507
366110
232108
244918
221306
44710
44774
11027
77214
297539
195117
14138
298093
215251
340550
1339
196560
188512
88890
193300
105755
293140
818
137384
99243
319268
46607
51730
182371
91686
191642
306179
302464
304100
100465
42847
148094
166402
109107
316652
204432
230180
113920
251036
243962
67259
83360
296708
280973
228105
249290
198686
245860
128260
279039
306889
181360
241791
21939
368786
10445
318441
273372
15723
185085
203008
136501
60339
150212
75523
83355
81532
2180
3333
309664
25773
48009
302452
155757
293554
125920
288019
6967
76911
23104
169189
53145
118105
248
24923
23116
36953
42098
268411
257709
187244
205950
68124
41224
260751
350117
303147
221229
218211
19045
134405
57822
301159
20158
39569
282005
82889
180012
220149
9930
66261
29117
265979
13533
14293
136274
45750
9621
84162
226259
43636
284446
217008
8451
82492
198732
867
169656
105649
206732
53580
245001
7209
91039
234147
207
93412
406334
147817
153
22529
274531
134488
224339
120597
134056
159248
8729
131619
11220
19572
211064
240034
240022
203407
45413
104336
18608
385150
176284
225636
4288
60595
10474
46862
218810
217784
95514
72389
87761
11226
16789
1911
3951
184982
28358
11198
300867
144030
23676
198436
21767
61740
209297
145394
38997
291873
189185
217049
291000
74917
73305
72736
188484
147641
148746
257833
194888
10785
209429
329440
8189
390529
371084
148307
217366
14567
70656
76914
244924
198734
108260
15311
185839
127104
172304
14137
189384
18442
223111
184978
198346
213941
64990
328036
328535
33709
22116
140405
339165
333981
19546
325132
93361
221535
7185
142201
153207
220331
296327
111742
231977
15745
21229
208777
82369
22683
80828
117946
182044
5824
75939
30080
18034
174299
44779
118104
12090
83849
247378
139387
144251
22872
1172
311066
317729
285113
238994
192751
38968
130372
13002
112322
16775
126653
29069
76436
196282
39669
217236
38180
20705
92957
160387
290104
246754
229060
18249
316577
100310
93360
85855
296847
227551
302427
244637
906
213675
317672
158279
121510
16799
38496
54879
108751
15974
166044
321167
323769
209578
380105
217379
24995
331072
224155
37767
51906
227295
84499
249445
214814
305543
115280
199443
11227
68230
60066
302917
122476
43527
228301
102469
133069
316369
101865
247814
308354
183224
241491
1179
83856
245295
207463
285064
12356
23476
233404
24318
29050
92830
128742
67930
238119
14258
46153
37388
125127
295219
9676
351013
216537
100663
98674
6366
309061
259951
1768
294063
69075
18896
128382
101374
100666
207925
316649
28626
171795
30193
200205
38145
185089
339707
281090
288969
39909
311653
211926
202897
20524
160942
1394
31389
2484
118102
286693
1343
307947
6492
271552
41423
170756
247925
38524
104609
155709
55299
197130
65751
296973
83390
45345
138199
170237
49099
338694
53140
159354
67205
185497
21757
62765
217715
217227
99830
228637
5202
363422
122698
205919
198443
33016
286982
8374
266193
168075
210822
243985
20136
284386
80212
168089
309062
79243
16384
49561
105708
35579
36880
258302
185073
141046
144028
144257
13303
223130
221307
284375
283521
65495
37548
13493
119462
292856
46296
303627
122099
14344
269242
216100
192740
137690
129592
121896
75525
231868
89140
68234
59892
283863
20198
5834
285383
1656
208841
313981
82048
90372
96892
93735
247785
28755
207566
100902
249297
250004
190903
85232
204977
185731
204694
237824
16899
99599
285687
116295
246056
296359
20855
28372
67446
285890
105970
298159
214521
108717
285708
145237
61027
33706
295257
400763
24155
32181
43935
165784
21022
20583
214307
240968
228638
224578
230170
82145
314651
38505
2760
292387
273385
120504
100150
101819
65223
106738
214577
217844
128670
310494
12094
219810
10550
253855
284453
82047
350121
188521
9730
20478
27700
225563
84871
239652
144278
298365
1584
14518
49574
14566
238768
225210
83997
310313
246818
37845
236385
46298
137774
227983
82382
119565
250544
155706
1092
294646
276326
276327
58581
348392
288418
290179
142141
339836
249294
211995
229662
124678
187469
100483
5696
298160
251704
270419
294015
283502
84944
83965
16937
295185
16480
251029
239945
256920
82472
63975
353760
230968
255334
325175
158213
289563
238767
51517
247995
299064
203859
379776
17432
279522
72355
192934
61511
24927
145963
315061
41434
71600
37547
262412
50503
124400
71434
142112
279216
164146
146625
174190
292388
124878
176854
284425
203680
218826
10183
29057
316024
228976
335220
220999
297167
298158
271635
137435
107483
65590
322108
22378
75508
255026
313495
309330
214013
296673
229106
214519
14122
276053
247996
185495
4308
238442
234313
22707
120512
309299
309238
317730
184728
185356
140470
117157
122045
220517
38762
9581
17831
102887
109378
274534
20819
188701
215594
111296
312783
247022
171621
146092
293734
41718
173533
213352
222871
220518
12092
371425
13253
65913
110657
42597
28757
27105
207833
11318
209425
208435
65749
1914
8369
172168
18900
29056
1591
18781
248976
42
43154
72042
7189
211675
185034
247994
72102
40675
110826
285065
263735
290180
114220
11229
342283
1588
184973
101710
139
106982
362627
50763
283668
316814
192010
21292
83268
202892
105886
37131
60074
213904
261856
101108
107484
190877
225714
162662
82147
51903
344272
67795
116860
293934
11526
133630
51929
340711
261253
220156
162428
287133
43943
293607
2931
134701
115288
338645
375295
261149
326898
104405
46081
126816
115069
236523
48729
320011
373781
147611
144173
187478
110904
37150
105231
293635
152918
221660
332538
309435
212830
352875
10556
9547
313466
266862
131108
347610
371547
105709
371629
291334
341182
83994
306789
259659
57015
231516
21046
14119
206335
106737
327027
257816
193168
188106
209563
130232
47486
307444
226234
189511
67710
282609
14359
99860
135252
329299
137885
151282
79850
10346
267214
38537
375063
59905
300395
192693
134329
234178
172258
252243
168309
116758
326111
122183
11199
394427
7205
1590
144283
11993
233349
35436
136337
49562
72864
229152
154725
87370
248112
268587
155454
116737
339180
323982
108099
49685
284157
273339
14620
241548
341727
301171
196074
180015
23163
160284
176853
254364
174750
38584
35311
44771
52405
100151
147134
113923
287275
142714
95525
289587
305593
329300
257976
283694
99861
221547
413165
84391
234420
228636
73272
281426
377803
223811
260583
78633
47137
216845
228217
360097
134001
21227
200204
255171
343054
284452
14687
296217
200187
165888
73736
294014
228714
96136
285066
290238
215826
229737
279465
280963
122657
392
229846
76187
227547
7564
219836
323987
32391
75543
126677
361394
320129
154340
239793
176852
97032
265828
249295
165800
18140
308559
4354
220875
229802
122646
337892
231517
176855
125026
155337
119717
216313
312261
130240
198523
184493
826
288194
180950
139604
228463
39574
353935
20887
73691
21228
44645
127870
338567
314067
194792
317241
321413
401340
216337
310476
