226254
22423
22290
4639
12098
267764
101434
3243
347780
2723
1457
11158
220921
241897
233030
308808
935
345691
254103
163041
1496
88739
1041
1124
20714
2722
4066
46090
13139
410409
926
273493
210177
8025
188744
1497
12119
1013
1385
76912
1495
846
17436
239599
18203
299412
102714
11298
191779
321956
851
364920
3650
316637
67141
238552
16246
165894
248499
303403
36354
7969
314512
317554
13962
37306
290856
75507
39384
44123
239680
11157
11168
114389
58584
1130
225784
384975
104083
22816
25205
139113
240473
12592
324621
83275
348817
29484
11778
1042
83990
11173
24955
339900
1129
12591
297311
403275
348651
2721
200551
19750
131547
882
262681
277373
295350
322142
363763
367589
243475
122928
116858
3651
383523
307265
13003
290656
2719
247897
202143
227592
28400
174565
17651
301807
71221
101534
328725
7700
1128
838
105787
360498
37311
1088
380952
187476
59842
91166
115976
149220
189289
203007
313964
268459
220374
7977
88894
132528
2071
253621
369018
295320
322778
324006
108100
12549
283320
162447
131500
19337
170222
252050
257527
15001
295083
88429
22115
1053
309293
202552
14439
114735
42725
276431
163121
207163
290301
378943
43332
103305
265833
54516
116779
147400
29407
47213
113290
11263
216765
208390
397111
220311
297734
19385
206156
31951
331474
67450
403269
216766
183218
294661
322105
291400
243426
14233
173141
79403
221745
28428
136382
285075
16694
319842
29483
97355
222145
310158
130208
45376
298157
299411
352505
116739
68126
28296
191058
124424
213237
225188
137782
301430
299861
296670
15721
110941
21330
236430
16339
85349
45835
7399
11172
22586
204477
79405
256595
5429
201614
13093
313287
334816
402036
224460
84094
59663
351273
29143
92462
51961
237344
325937
67447
16930
3855
83938
366450
377476
328475
298155
297848
78352
22424
304326
347914
6870
17058
322831
47261
243405
112264
250006
210493
124097
61831
3306
123038
29481
124972
268546
305041
283745
394763
25617
15920
105189
17054
14413
393879
272850
195636
265838
1141
84038
225241
415317
12581
11255
181216
5358
86757
398107
217734
61767
365699
58741
172612
295364
84626
126540
102781
175407
220931
132549
128761
362100
122964
12699
309777
240581
61768
102851
65385
147006
48010
16866
27561
32365
74841
408107
337543
231104
314546
11116
185621
15909
294935
331083
14946
374565
220373
61392
349062
270244
165861
15180
61169
37826
81712
289478
2714
213322
253721
14300
28426
308785
4856
215479
172502
316021
262124
95006
65386
17854
14463
378800
364577
194391
124851
116038
1499
275254
185097
85328
15531
174661
120319
100312
11216
107489
114734
80323
4009
78640
217023
131372
2309
126143
94967
272936
392553
49320
220338
316212
21237
364247
15703
12578
381773
70716
20345
223977
101536
119016
294942
184888
41128
145083
24866
58770
11529
266026
37663
44714
6834
5953
42293
26488
12014
291908
52402
345524
290678
159829
61560
259009
24997
249705
382222
11160
226211
212732
90791
89484
269560
2307
315777
401692
128762
115387
233199
278649
299689
22114
118103
363436
67712
33105
50504
282691
106511
289565
336122
73446
110206
225200
2388
108555
395656
297408
158429
191982
377816
78604
347490
49252
11175
241873
397038
313986
297301
237830
200093
320057
126145
289773
68226
20401
14405
14112
89161
293982
207176
81180
80307
314511
166756
220322
311974
48013
29491
301659
90050
122992
387623
193205
70196
280843
96671
196298
60371
116262
183179
83866
290212
14114
333914
292380
275265
306955
269727
362715
266231
312986
47484
228146
83247
375909
241844
212319
10121
344650
40458
266886
241389
68575
186675
143613
198670
101803
295319
337111
267570
283593
82209
13297
65634
158422
121517
214274
266152
106651
108673
259150
130369
228223
295175
112228
192990
195210
367831
350505
121188
78599
269185
58554
213505
216427
21751
99789
22226
220157
319807
126135
295362
61399
222859
38928
22611
50328
142738
392451
40793
33140
241402
301429
299850
25197
51509
381850
289734
74756
304726
298099
94382
263739
1766
334804
14999
276196
46866
25479
347811
118099
213246
409483
296871
388414
106513
338704
93358
83277
183739
73739
175467
290219
320261
20268
357963
90781
14111
183457
241835
303900
114614
162123
188373
301984
267433
137714
183140
297024
226200
100258
269623
13252
14223
190536
192364
163122
80598
80835
228171
339978
73980
42261
227176
12981
78545
141572
289251
231798
42292
7871
234352
83276
221987
407995
87371
186039
99974
2409
161661
314782
310545
301407
61671
180024
6970
189447
398051
260483
196869
263799
122765
25283
157928
15213
394229
149249
8222
349037
290260
181786
301340
207796
338145
294280
61818
23570
241203
269618
126564
250900
296846
325652
211555
240066
30124
211904
109746
330502
7891
52012
8221
206741
84002
233223
10340
192363
23567
392140
120283
295418
269562
311155
253690
42849
268032
255103
249913
302102
192359
253737
137717
207564
12523
238814
29466
223988
126046
103363
2423
20190
365873
79359
118171
94393
225769
324286
194452
302098
145082
262371
311726
30517
240063
271181
45142
1660
81869
267546
230166
210208
294941
250523
299160
124240
282391
232090
38043
166750
91346
137669
137692
230818
221559
272059
215587
63420
315651
363190
44772
84008
311511
82405
290681
311623
181512
223503
241403
262370
220731
250092
106819
297023
296355
73742
281191
83282
277424
79498
336983
22973
100048
114801
5357
293606
56918
7143
68239
249742
16375
247559
283402
73127
89164
80600
404426
353764
17851
28950
89157
52284
53144
231561
222130
222107
143837
233032
289599
68227
16157
308964
193209
179099
157929
14117
333989
298220
274775
271923
291324
267977
338482
292568
147002
256515
356907
138051
271896
388995
226319
5356
241094
229794
145896
313882
325935
166758
268045
73015
123355
23605
274772
241910
80912
221460
100380
259119
106443
317457
384994
288190
45348
109158
21337
358525
308573
341345
232469
292765
267486
85894
12629
18758
310157
185800
54680
226286
1142
223987
311107
131942
78636
280375
308093
145677
290676
222146
271895
11163
90765
43352
131325
253691
310885
83843
90965
270533
247829
114270
13602
298756
155755
198306
331293
307914
241207
342076
69502
354127
189739
298578
37753
279827
174064
126047
126383
66762
267514
252069
298613
304722
267515
260567
212730
211163
132573
326514
6629
42784
309650
247436
379909
304432
388994
274602
83993
170113
20940
360764
339335
121563
132894
285091
75442
258204
311118
184735
45528
187054
230199
126048
42554
262368
93357
334533
103312
322956
357038
252809
1896
224338
323788
307266
123353
110509
325933
16123
321384
355782
222032
363312
279008
193208
110490
251030
360917
295268
140431
304207
290343
178431
243654
166035
109752
12766
376277
266817
225650
84007
356533
260632
219843
196964
304375
298149
223498
235101
71125
194251
274633
194928
219811
333970
177079
182369
126060
305508
325348
355727
220165
286388
308933
307452
163874
12093
3685
11164
334807
151833
191957
289834
269282
290675
89715
253720
292518
365482
226209
94313
293935
265348
284362
187083
14312
193206
267513
65632
107194
307267
314362
418399
354828
376291
82443
317243
21338
274151
226902
214353
214681
5759
194239
231560
389532
1809
236520
114739
61562
319423
306197
321753
323794
54842
269859
296305
81347
400366
251917
212276
219604
295871
50308
203020
194573
29486
391865
145040
215928
295267
282683
78991
315775
312659
89970
187471
269657
232395
386057
18362
362837
65750
311719
303552
280840
279408
125929
181209
217612
48062
230348
107596
405490
15002
109763
289775
313982
11225
53142
303545
329152
373909
225395
237298
145569
82289
340125
46870
326797
212079
370196
236295
86300
163324
107645
129662
100311
57077
139124
363817
280839
330820
403416
12488
66764
43206
29301
336137
88617
83242
293692
209079
231797
41090
330369
301234
315202
363429
214825
289833
24223
272823
339075
106512
77070
22122
202547
183174
304142
329222
295925
326108
310104
291402
320890
286698
294829
318772
227135
161729
77285
109798
239990
110655
242786
214780
298755
332404
293400
407011
360936
222721
310900
351054
119531
251778
25564
41153
90896
198713
269858
345354
306949
91197
172045
108300
239906
368812
29095
292965
283396
276402
47639
363692
363426
196772
366334
316487
269856
124414
24162
330119
280716
187477
44773
129041
248218
304735
302830
230909
303903
351099
309936
315184
304332
104491
8215
230911
11161
390319
181736
191067
288635
256149
307042
219607
254601
183008
18677
264548
194003
22708
179994
157783
201102
193564
300256
365481
336176
339908
116859
93898
251819
118100
308887
363816
36513
204693
311034
176831
366579
79920
137718
216138
283285
181505
37030
129782
405398
7149
141173
304716
353950
155708
300446
29258
165773
379640
113293
247918
50368
115266
23704
126245
111388
66684
16965
271185
110513
203006
92839
289943
370392
195854
92838
140016
144506
263629
73824
126074
217815
310151
124242
180708
97841
121240
38930
300604
222843
160290
262671
118128
105874
24814
264825
78949
43156
379684
255983
174302
312989
158036
79421
95593
94151
111689
36000
77590
298421
309933
81551
118101
288189
219223
23604
316657
44101
81568
284408
50341
117108
360620
43153
43281
30533
135074

