253
326
324
876
25961
6049
237
1728
265
211567
1428
2907
321
110467
238
340
839
10380
11834
1608
3375
247
840
311
1270
263750
770
146457
106207
1962
1015
3302
37460
93739
254
216371
9622
9717
4019
92705
141530
325285
39923
841
173849
298
93377
848
10291
44693
847
1453
4583
1773
9912
29883
1333
310
315574
67753
335036
246001
317613
294135
320
23304
1704
328609
51
152091
176615
975
72266
124341
793
295
120236
822
1671
18692
325585
3553
262897
132373
1959
248154
147068
4163
3128
115908
605
240386
842
2741
1269
47576
1891
100501
860
113292
8
33352
1856
2496
27364
298477
88473
493
203526
965
276
315
6048
37785
40003
1104
2734
207195
10356
12426
302
120700
309311
41568
485
769
282684
8986
3774
84171
9565
3996
772
531
794
12536
995
218708
119394
338
48745
8621
844
750
11577
285901
217300
148037
3627
278569
768
110148
4124
4077
240760
1267
116370
1940
10639
216372
282433
202240
175596
120791
246238
68812
45089
288
22588
28533
353605
1984
3324
1424
56847
9005
13552
1029
843
21032
1266
909
48746
218707
127563
3172
3423
1948
289
10379
12885
28205
296739
294880
211089
334105
72941
486
1625
85631
891
8402
37183
496
52787
18294
55770
112419
4042
307
44692
347887
37063
234
290980
1606
28440
18624
259
927
10843
62680
43558
696
80864
1443
10404
100444
101442
23495
160209
22985
425211
77480
302286
376703
440
193378
389474
215618
