32817
3826
321885
50811
3489
355004
5498
491
181640
81404
338400
8122
309910
402223
87700
12546
2690
175532
31374
11180
29647
63013
107454
3825
64095
6995
358660
325892
286123
10387
24153
3157
10418
20241
338672
278449
253693
67452
26803
132559
200913
214671
4614
331489
26013
239926
14759
3859
35814
1904
101399
331559
101799
836
5918
79419
128257
2476
148389
7882
69943
112357
67376
375817
36324
37619
409323
80698
77143
17045
401960
86517
8281
83727
72340
231474
46126
2914
39270
28101
36119
322449
204863
12282
9271
2691
105426
10390
176599
118783
40126
16437
39303
1839
15174
269548
2451
12985
40935
11147
5654
350880
189639
9570
155704
11779
14643
41733
26266
4871
212675
67760
84998
293872
84986
3025
12722
13550
10299
38070
4213
35990
84864
212084
1731
3761
51621
30055
10435
3325
356658
110885
51944
279087
28628
50674
41865
4873
54289
49598
22510
5977
5087
276150
37411
303068
2813
2412
228460
19613
411246
231722
81947
24508
29060
119344
54372
58015
130452
204641
1764
308545
387803
39064
80932
29413
268790
67985
41863
285879
71594
10160
48943
8357
3762
91322
883
219955
339904
1418
9385
411247
356413
36127
137292
109541
282850
22509
2473
52484
158796
143751
208709
28114
297969
2299
254762
1880
18578
159365
40188
291206
23443
240837
83869
265810
47763
5109
120369
81034
68964
198380
78282
121108
25920
112146
96893
170261
3032
241955
41732
304727
114758
223134
9966
67764
43525
10965
38938
160328
234761
4542
332133
28431
468
69942
36266
10406
117898
27883
