187276
2664
980
78405
4608
29870
14878
3428
11658
235128
129807
292
233
443
1607
2979
767
66244
515
1976
343607
3892
386809
799
230914
54552
13603
2463
118335
1937
148036
2461
14879
2582
59664
2481
404804
8726
5694
24790
4038
232067
211311
4607
60901
2045
214265
361095
1373
88433
286126
2896
82233
3995
4014
64172
29421
5118
314
242
3130
175600
3478
37685
25833
968
233926
45241
2921
516
207573
26449
4216
35858
331887
33491
1905
294836
67217
50
91205
3166
150490
68035
262277
2611
8484
13557
322967
6390
4010
130230
293049
209925
221726
45336
500
24823
243429
41189
312
90880
10395
3153
3168
1878
252655
337
2046
221227
9853
7707
1942
2096
2981
105255
14508
979
2166
697
1609
240799
35679
282
2127
4884
812
14220
47665
12317
4475
28065
100449
158316
1038
333664
144087
284
115661
329948
57995
5753
186881
10436
300
2459
316007
175599
43581
191302
3304
112397
89536
23161
3626
1219
2842
12283
76319
2460
248175
313852
513
214824
2439
14106
3291
109869
277554
1512
10392
1981
1321
376739
16621
10385
4215
1760
176478
2094
4301
6880
80199
10357
77476
4859
193042
9979
243981
766
10358
8803
3293
1958
921
2972
23307
299
208825
284524
211269
3019
928
977
10419
7777
49315
3292
274
37819
1742
10197
6985
1805
751
8474
219654
1263
103906
255191
214799
287488
285482
305
23213
54234
282759
10553
304087
2603
228046
7883
11598
38256
324720
4214
83868
3275
23119
124649
