312314
58948
64094
148181
130098
126034
305059
3948
140075
33118
20851
208708
213731
74901
331897
69295
84989
22657
292449
12943
328512
3955
14738
3620
37020
63333
35977
2126
77014
6593
64096
136249
3744
1952
25710
349441
27778
147359
10567
107974
61533
34237
104196
291643
4882
182886
4282
112770
301230
192732
380229
271031
3393
53386
57919
88438
289310
530
2120
78796
281272
10765
36326
412301
18850
2175
309905
100763
285784
15946
241185
3152
3138
2443
223147
12436
235612
12351
239280
350362
20931
230295
45395
74466
30627
74457
18049
19524
446
180775
54727
341360
20709
124269
45841
18864
13008
110526
53575
62507
30390
67754
10799
61498
54356
215096
2088
147364
211780
60712
71259
55020
69467
80548
94893
46828
67765
3743
296151
227136
171068
117153
107474
3484
269549
10844
147466
46832
22508
2833
2220
62461
185761
378159
1978
368116
195816
144843
22986
807
49270
8972
49816
48031
67809
371890
44675
6997
313936
48039
18797
42786
38701
311153
55015
9349
2274
100451
100227
298119
256701
40122
326590
10421
149361
10745
244929
66491
101267
191956
248665
263808
215508
5972
4480
227419
66242
5490
8700
119985
888
1028
221736
24329
84995
2893
65871
295195
16250
29323
84984
355802
84719
3359
12697
3305
3764
124969
115660
189545
20266
74659
282736
18615
43197
106693
38989
84987
193373
37855
183522
4313
66605
57150
48700
281271
15007
260339
33220
11114
2969
76194
256528
6235
10596
14389
21743
849
187019
244
127448
395489
245125
35916
699
38954
17122
316607
78801
147683
