1103
203781
47761
104661
259070
211618
35790
37898
10338
41867
7618
271724
5961
9779
24592
2173
97197
294872
476
8996
234778
15353
33068
61141
281283
297318
76836
93545
218226
18459
10275
88741
196355
394260
72651
67758
7107
10470
121739
315490
192153
7570
2916
93356
36237
137580
4482
194927
28712
332585
4394
270636
46234
52771
403745
125807
18042
148099
37870
39121
2794
281240
309670
212609
320221
38119
175530
3060
1749
105969
40196
73920
7029
192152
200547
144620
141806
185974
36247
65601
121003
10954
24540
110434
3369
10401
68535
91222
409088
3294
393446
286963
49050
276788
310656
1533
298734
67767
375977
2725
38695
107099
18576
4006
355470
10413
350795
240562
226190
41742
40932
244226
141616
226507
18780
27773
265962
36225
233319
229611
10182
69214
19542
3136
90772
103743
308028
64087
61216
121002
316957
66234
190793
60392
318541
406187
137062
148142
2681
182130
297758
36239
113649
18512
89712
264433
77706
385411
23467
332446
113327
46079
345527
28707
298698
116871
55100
20928
1852
270488
54551
266157
184740
27357
10227
150955
111081
11604
62495
28103
529
106923
118066
3059
177664
298695
314253
47533
302738
55578
44473
10414
15910
24837
16436
333853
3759
60375
354026
100450
21065
296308
62422
11045
199270
1944
12357
72337
43951
38494
315069
114685
340275
3944
2078
45394
204200
75702
370413
2913
4507
144041
112481
358573
95796
159335
54438
3028
59077
5491
40189
311759
139324
330973
53669
145908
49568
28359
1257
58311
190485
237446
5230
269090
90391
396940
16139
272921
11836
4016
