4830
13987
17874
12782
43310
170762
2688
50535
11645
265520
18826
1750
10417
10557
131540
1759
45393
103127
3024
67811
277518
2010
66186
3422
1997
219483
37415
56426
27624
3129
259616
68967
34005
8881
225462
67749
147706
301740
74468
60575
45391
61410
85888
162040
16141
10940
3856
360398
226986
310263
310139
148436
321387
362577
3633
9348
37673
240821
48944
129246
40191
323626
52788
3974
181880
105770
112246
341148
67990
160220
209956
90052
394098
67768
45812
236074
11876
396988
138053
195110
192701
23446
163711
38722
103304
285908
112269
4384
67738
8968
286339
145625
147791
375735
37170
296129
297224
129222
19540
307982
973
46954
1429
118782
26228
211853
49278
9387
6473
201754
2310
355338
114197
91651
8995
296078
6021
18842
10405
13343
46116
77625
139663
70297
85210
308
93438
18613
63686
2788
1939
48702
238087
256278
1779
56849
13554
28496
8804
1014
38428
199229
1420
2735
85005
195328
62258
28230
72942
67766
105781
268320
205737
12982
32580
189777
18150
246771
259553
246898
17883
36120
61222
36238
24824
110917
278670
2063
242736
274357
45842
159824
320147
193452
48061
94236
38966
262518
198246
23170
118339
53581
126018
92382
132754
86870
139221
123281
897
2060
88311
95010
3844
9774
11743
143740
62506
10650
273485
252321
74293
1871
1901
67748
13342
82193
168417
1995
333716
46117
107543
59844
333610
90795
340288
87936
117556
309773
205310
11142
311724
80198
341938
28110
15237
6820
12620
14519
377556
36951
3014
36358
14041
28031
268165
67227
239912
44120
100448
95810
