256923
4374
241831
111760
102427
77627
74481
153114
47666
5474
167180
83295
81846
116287
184022
8993
20580
36698
3477
131803
96759
6256
84997
78542
90512
90789
61213
323
74470
236103
49425
59919
316519
83731
36118
61001
8971
96918
21929
6501
226193
48065
43383
18580
1486
241267
56665
261807
62893
2418
372218
265554
1990
237133
241441
314169
29074
3030
2974
92411
184840
6592
39089
182215
320239
31435
70269
1906
261493
145912
253047
199423
37007
89751
128635
12012
324285
3135
204145
244229
4101
290993
17121
6751
217599
199231
67739
349033
69426
1869
46010
277149
4396
113361
46011
282891
139670
285728
244232
60533
211009
328575
366165
130364
17758
28020
80763
173303
31413
2089
267598
23056
79977
305569
5964
2171
291821
1822
229795
10854
92836
156591
55653
72814
10437
8998
99889
123467
99906
111359
101266
2216
892
56626
111761
223143
147780
146503
10283
24241
211439
27555
163473
5640
36828
332365
4369
44943
18656
12333
9737
281305
256922
345811
90799
54293
213532
136913
175362
304
26295
215916
192702
20431
44679
127306
265712
25426
104420
4195
70585
39195
42748
281277
100705
5910
283088
20831
121746
65163
211844
2680
112905
11684
286238
9380
13143
120187
62946
20235
128801
256155
211882
297
4011
150239
55577
37418
325808
96861
39065
325612
214518
37416
82896
249681
377607
2908
6849
226191
25369
4252
69427
320215
4263
258349
19418
323684
23685
129384
36957
48880
69187
3033
36125
39292
1772
192700
73441
320493
44758
299579
294873
30491
302802
5647
3603
283564
20117
1011
