3630
100857
262519
114044
104908
34500
53951
3787
6813
25552
234376
6755
10494
308961
68461
4829
39088
41743
7362
15395
2912
83841
255526
114488
114745
293421
184151
45392
52790
2768
85386
119719
144666
71734
236947
44469
389450
57933
75534
408958
228825
350343
2170
226677
360050
38907
81847
44521
2482
2682
14871
41888
8380
214290
242391
1737
8631
98217
58915
44936
4040
10760
23542
8969
309668
37412
2939
56931
10225
6909
10335
181090
228382
1977
108021
363414
303126
46131
106314
230669
1870
107957
208057
148097
9368
44678
44636
33504
331921
78823
103813
215920
3139
29213
3137
4471
7843
1545
238006
108012
72109
141588
104949
299673
44941
137937
38082
299372
241187
7383
27759
45810
14538
74397
49619
17120
282734
25444
30526
2695
294137
57269
331200
422759
145735
282590
194822
277037
278815
26391
20582
38646
20926
287316
165407
226004
7620
260946
2976
8973
325673
124185
10465
88731
10508
170241
139318
222374
241133
87113
120067
39532
211617
19591
41612
395292
240828
10213
36124
25422
264588
36241
67960
219769
33002
1273
161941
895
108918
134261
29120
293008
103812
8725
53676
317
221655
5421
1862
348699
260861
1838
378860
1841
184059
14429
2293
42850
175543
304301
36123
2062
91433
131622
81386
111889
229182
281325
144846
198702
62249
11072
216525
330394
219482
36357
74455
109053
48928
227175
7573
45317
36686
309937
70291
38903
198894
7747
125449
25423
65565
6812
1419
204483
1868
2469
56116
144665
69253
12970
101784
1867
205525
38429
116148
120042
25587
217886
286967
4021
