217632
192978
54173
160210
3752
159690
338270
324240
147036
3712
3547
48289
47957
411248
21713
58387
58914
78319
18513
14763
37140
62251
388319
226187
211616
37468
307290
69436
25417
27568
77756
25823
267732
47726
41529
306742
180710
203325
44461
315804
8719
294991
108015
276793
12332
7356
143339
2942
66693
174186
362575
44937
54277
102000
341163
52784
8966
23618
25711
2333
41553
18606
38422
39699
69430
40391
240838
24056
62277
36260
153140
274524
2975
325281
197441
349032
8292
262865
269537
155017
280200
237992
115338
27567
292073
98693
103742
116276
108494
289145
494
297168
81853
48034
319448
103810
277506
78398
19017
3164
267018
385213
75907
120205
3182
129131
6814
148226
118908
4185
327432
34028
66411
101162
43301
11727
95506
126606
2396
196075
3751
8415
2425
46128
260373
141571
8544
1985
7993
295778
386628
60429
1986
10099
92294
22946
328674
186620
44938
32816
74462
335389
217655
148098
95095
43404
28206
58963
194877
198395
8884
248209
4390
251988
289910
56932
79200
46875
289119
280601
9841
54604
168559
64276
228026
87389
412336
49087
305660
212005
241335
61217
91609
67983
10542
25363
194201
232646
80995
79201
771
349039
10595
43386
271072
4284
117808
101375
74483
186099
297342
974
61340
14731
4383
101185
40249
28546
331306
2240
58155
78176
104139
316131
175457
211027
63380
16140
153193
7621
8300
18299
23303
3828
28354
2082
61424
5655
309600
41428
76368
302128
315456
362711
108090
49979
118906
187132
27088
74396
117489
74395
2300
219263
225850
2477
198968
231970
10581
12081
