10285
148072
87615
116034
60376
1804
261805
8219
37469
276187
8413
38072
44475
50945
8883
36787
339533
8389
317338
58167
42789
130093
37344
47760
243923
271662
193270
117151
282971
221292
306
129007
2605
62502
12655
236612
126461
217624
5832
100986
165806
8401
101195
277954
18048
320839
4039
327055
214741
45414
127827
276051
224206
186072
358803
212362
411258
220312
92432
192252
213076
1309
270294
4330
239816
282000
3132
106212
193509
153195
326151
226282
40380
29326
147067
29399
175547
32330
121377
24683
7397
223541
269552
81859
81689
33355
355798
172155
217629
137063
1077
219143
285410
140307
162773
6414
408013
10381
344740
383649
139137
273510
36067
74447
276826
26594
285061
3429
395684
1989
74403
251989
121328
6752
2427
258042
38951
78406
228380
318769
214710
12746
135558
195666
186034
40199
345056
24356
79813
86445
187976
3780
315084
69435
12433
310194
107537
341383
406197
907
5881
34000
341077
51935
74480
70252
305058
82214
268510
74662
119364
182239
305579
10457
269389
8590
196188
223289
297954
10383
1925
2610
30472
202268
377507
297022
4221
198910
6375
56093
304183
318870
95618
25425
10566
286775
279048
174143
197136
30525
104906
62423
319252
50598
277105
110961
296941
8105
130344
64498
65376
217072
23681
2934
63033
119034
129087
49693
106834
240346
342740
219166
228402
62498
285422
61420
61426
72414
110062
136603
61346
410499
231261
47727
292832
371822
2783
385928
117731
300839
234295
210811
185420
100040
314638
3420
220885
273458
176509
274646
18497
2286
18908
317653
25424
13207
386469
151502
1415
208044
