482
294864
47170
168466
322899
297225
212775
70226
14959
53950
226750
36954
63893
3395
2168
3782
3841
126186
1943
281463
270587
93424
161662
44942
194036
405990
149983
177998
424396
88441
99538
57266
1466
358689
269545
30503
354254
289601
75899
165972
21035
11911
74292
61343
63051
49883
329165
3926
287631
212459
97112
85303
289944
4735
38361
238004
73373
93714
72339
82123
41019
2158
167434
138352
74479
3758
74910
44940
763
28956
70302
127817
99810
84801
216461
20933
6858
413806
214268
35715
184727
26987
36227
235429
64496
296287
237991
50599
129770
126190
144357
53196
67826
107476
322102
294479
8412
60003
64988
97447
24815
186257
221293
36262
25399
369793
15885
7033
137892
132220
38118
46307
120445
26825
4286
58918
16393
91868
70304
10459
227177
240037
345784
244224
52170
21231
314242
30515
51943
253997
8805
363850
103811
208450
147274
60022
3151
2079
6389
279365
22956
277363
116651
9472
146611
165589
4370
332696
345525
285905
126175
129960
77016
103809
174765
34236
92915
291412
33509
199230
121596
8997
193171
69437
340842
39808
297094
54728
336340
146994
77570
75458
74287
11190
281408
15494
37562
20932
189632
1421
322898
140020
354042
283090
44939
291213
277727
10598
366331
89486
192428
117899
47656
285545
62462
189415
47728
7183
363026
354257
26806
84189
299434
308588
379456
2090
10942
219568
80778
47664
492
25341
175399
24801
306971
251987
109677
42741
70266
271284
22910
101153
251666
290996
122890
351253
810
11875
323682
105951
251985
288025
326874
175525
90223
44470
117558
2750
2448
14364
