128131
22601
185837
69182
361697
42859
361110
47464
340837
47630
40335
226613
40001
10506
374958
281282
131800
393238
169942
294337
74417
1037
25919
10469
221020
266372
63026
4887
84990
31414
278658
292580
376565
62487
139475
38127
74412
139400
268491
7619
58033
103831
211437
345649
277217
49119
74450
68756
408144
277148
44472
251986
241186
120930
325097
172449
273844
38124
140656
329907
67807
2172
24593
175603
47729
185686
340678
67729
264089
75521
44467
55024
89594
9426
73380
20529
215231
229508
135802
135479
74490
3498
38766
348128
395714
425173
2174
291841
17792
63131
34585
78078
1946
70296
128322
270749
131779
175536
16996
323158
15871
22394
18107
183591
194852
42238
58961
70417
10075
18151
95636
320052
255530
594
56680
193619
282635
276584
2875
25834
64510
64961
38228
4100
127724
88354
38126
62499
18623
62273
103160
170365
222914
4558
19134
119086
3495
363041
247417
18502
10277
378297
11913
127166
110641
228898
223148
20864
24146
74445
321196
6848
185001
5495
7157
61276
171120
341273
60638
68269
86072
198961
133679
5652
21900
93509
108820
43296
126165
27478
80913
84873
7783
185771
376137
249243
291413
288311
2450
291650
25709
1638
307925
70293
49559
75457
72183
27886
304827
132981
16521
7184
267540
193639
38128
279321
3783
90815
74476
338654
28102
24075
30493
212315
368648
76803
827
94929
241265
19594
92826
320413
205115
2169
30488
253048
63031
74422
809
126798
95679
12339
206924
167729
231278
47725
1461
1423
68681
229642
404354
61347
74415
61429
77552
74640
251009
70264
19615
10488
