343996
45624
20118
78805
41574
102694
91135
148281
66523
340679
7160
33051
70279
77858
3410
9003
70300
56094
142153
3183
352153
9820
82200
381793
7075
12557
7835
39743
165553
43378
39496
259105
70301
49131
145667
221021
87864
47696
319560
82510
54615
58960
292216
292935
100858
74755
269876
58709
2453
285804
328707
227245
308025
187581
371692
66991
349504
390618
145355
146181
23386
77551
209596
169153
340822
8293
10246
14933
1377
18635
28881
239923
56865
25451
232072
4007
402659
10076
62424
184021
143351
415148
43557
4125
126623
280706
56391
276412
304051
363309
172498
98286
18461
209567
154073
86073
81721
33508
81858
282634
424398
289131
23157
38069
144671
271145
8227
109203
39610
336458
37303
3652
103232
81864
393719
208773
69181
2606
39637
88954
168634
3327
290012
377769
74206
39269
2877
104219
65517
4663
70303
289860
21099
14653
96113
5120
197428
331692
18775
192794
328466
343656
328444
40081
6776
29868
305411
195723
148416
70167
119581
50160
2472
2935
40879
44677
74290
264105
25610
10384
317852
102797
353805
294669
90388
1436
253986
331099
77048
63052
293887
37939
169148
279059
48119
38129
30361
36231
205331
203812
34128
23421
219141
193953
192846
12309
74446
6504
42869
81811
285424
31417
9821
81714
2487
147686
41245
168468
2077
171122
236196
154112
62482
54942
84084
146172
61821
97561
68674
167016
19704
70960
294059
56261
48037
202270
389647
307088
24053
90047
81179
84793
2001
70463
45318
70260
63078
3167
159269
3690
13429
227390
340389
227263
121804
199630
289951
22107
61417
62718
