2108
4035
119279
129224
118262
355109
1966
13012
13871
274613
159725
407
338353
2059
5487
36359
138829
5870
39087
3134
61275
9588
343176
693
79678
38437
254470
330
8290
1894
299277
380448
36004
216310
271151
28066
14877
1836
918
52129
5998
424227
47685
13677
8987
181354
97305
3916
10309
12579
3641
18254
251547
3482
749
503
137722
593
45240
3471
56117
9757
1956
28900
133860
31836
106656
10440
13014
296875
11602
37873
334
806
22346
3805
194300
4849
2693
10375
85316
106655
231497
260770
295421
294713
3622
339326
6756
332649
285666
1890
4328
165738
152092
109375
39531
61534
185792
185943
283
10391
266301
3113
885
8748
4075
10941
104521
2784
86895
893
378862
240798
5997
4028
317680
2097
3133
69484
36355
1752
508
2898
2662
208826
331480
99748
2712
50323
381842
8386
899
2790
18882
357961
9639
21942
4237
297261
1171
51945
274234
126173
92412
40310
220631
3960
84756
297396
361385
296195
4406
13498
75568
10402
45904
110239
25442
1957
2897
236020
217285
106653
216311
129844
36186
54675
2789
1877
20547
14876
305515
10840
100437
109604
1487
14588
213816
3893
91987
1617
62285
40187
96167
9619
379789
114161
124646
3819
85204
3485
240583
2710
311809
2909
2531
382
362335
296659
243916
19130
3732
36338
3169
36271
6651
4193
286127
265708
262940
8081
286
9618
204027
345980
334399
52392
331752
10742
13045
381841
84501
361384
175137
8991
17160
64086
37874
79662
77171
1969
86670
285074
2049
204623
3755
78798
75533
49892
