219448
38123
242924
188453
94244
2471
61419
9911
18079
346242
63130
210272
29259
381666
402740
316182
7350
67737
175402
48997
53803
20359
8400
31416
20523
358728
55033
75216
1445
212146
242670
209908
33116
47672
292222
165829
310687
30224
134204
1774
207866
125896
27236
10600
19322
158315
129614
341274
171121
35626
267481
148241
38965
2982
4668
282762
62256
77050
390859
61421
192314
311784
97550
11973
364450
212200
333349
38120
84585
26804
47247
74453
94335
351898
54371
109948
68031
189780
132212
223407
231247
14890
103247
24161
61412
22050
147343
220375
90787
3241
277551
70232
303157
317692
69193
25714
49983
215518
318227
116145
42690
310950
12193
27337
284575
66604
3283
309921
38125
221637
136336
278202
228378
69434
174141
38122
309753
253628
117149
2904
239839
62252
1987
17119
13485
235705
46124
27993
46112
349442
9470
51212
73377
3284
390712
294202
273394
56055
388170
263804
374228
90005
85338
110658
250514
238005
90581
261048
13015
196053
8390
1763
335502
323745
3090
195316
22909
392060
167980
18629
279541
2475
70306
89511
70429
320733
46728
241033
49977
1307
7298
329
341937
92913
159892
121126
220458
62500
130747
145129
3760
74463
229056
74482
187102
184057
187101
337430
146732
253831
1434
13555
271652
262369
195845
194952
354252
285724
256863
70281
241270
58163
116747
22179
168905
22406
208370
34418
30238
2093
35095
95788
193282
38131
63025
70263
68757
268726
212361
252461
190704
117155
96788
308826
70295
35867
254788
306614
202156
232657
67420
13091
13406
62472
22049
25608
236510
9517
40247
4164
