62248
8758
112978
38121
339694
266224
195229
281096
14650
45921
278661
80825
7991
255550
308280
18480
115615
3653
7937
244239
6609
318599
234089
6933
20116
56686
3628
145775
183747
3416
31525
182406
36964
187800
85424
149078
85422
190907
197162
89488
31034
189546
154689
215140
1971
3745
8299
269550
296870
240499
306659
341377
59160
62428
113629
284546
90785
26229
85032
212059
129105
16528
299202
242170
241949
347818
242633
284641
104138
247841
374002
41244
208394
208068
214167
1274
239125
228820
186908
345781
224720
31531
78804
325728
7026
61415
61418
24159
101999
2937
14718
69428
1980
293610
74423
43982
112942
73084
62496
141781
62485
22025
7218
354256
143099
1924
334498
92914
333624
265551
136371
231716
39091
8297
192815
65844
90797
33319
66375
11936
160301
333613
106059
63032
324728
195185
193562
175398
70428
194858
24651
74529
301541
4371
118951
74416
66954
72335
193161
194165
75440
62474
8364
36264
18361
4444
4588
105214
198230
202256
225022
312298
3140
245489
202880
304150
78967
22739
64493
76704
63343
25630
169425
74459
223398
20113
72305
19538
284819
10558
278220
23322
13344
115735
22849
351712
130165
133192
286650
69429
151101
315744
408858
149257
60589
226734
81855
142990
70292
49532
85557
198098
257844
161793
70298
70425
20866
210231
81860
175460
252347
27317
69194
12786
139786
3891
38217
47670
239910
1740
4281
227102
313599
18010
183216
72196
398965
207091
306876
116142
228848
79924
148233
22599
293434
291479
2726
76044
280038
327772
49362
126187
6007
272034
58919
62475
227775
329436
134951
84547
