61501
116045
9751
1861
219658
271687
23536
59200
14729
215063
105155
332117
923
161942
317963
95824
1265
90368
251539
234071
138754
83079
317691
10507
224641
20909
27361
24541
9716
70282
52789
257369
63038
129976
3532
36958
10509
62477
16605
218572
92911
8233
56951
159661
188064
11937
221490
264357
133962
259790
110244
2978
183386
74478
217820
45143
4312
74434
10180
199373
202261
354769
29869
3100
178606
302190
44474
145734
20925
62254
25715
82208
390693
69315
127979
2167
220566
55110
61962
292969
22444
16608
129687
267250
167694
74541
70268
362479
70262
9416
56119
186515
43139
63037
309056
376708
74393
409371
61414
57202
38132
22679
49817
74458
116891
362733
100022
217235
21898
10220
114394
1970
287615
7860
104354
1945
319127
280037
110867
80985
217405
250479
38936
101518
270242
110568
1455
403379
307033
105875
145739
231309
37033
279457
104878
62488
52485
4315
270229
67407
83929
10610
407659
267437
5648
84866
118067
214140
333614
309869
200355
194886
27479
62257
78919
215158
218434
299709
74433
354189
403430
4292
103161
84506
307032
358692
73238
98367
415587
270641
19618
23683
11600
54602
39929
117282
228969
24738
61345
14153
29400
27362
185883
69179
7844
317964
161058
10456
1920
9655
68294
294773
175405
10555
266147
189923
256660
344874
133608
4840
187502
63024
66338
225604
273551
70299
243097
112652
163114
82130
19561
11209
268545
390239
234059
295001
269546
135202
48055
80837
192123
37569
4361
63017
65518
48882
200859
7370
62242
62940
174504
119156
67424
239974
343125
342200
295615
67423
255547
262382
