325
318543
262696
10278
67229
295017
283636
52764
49020
373833
186220
221819
283549
64497
47276
212017
193911
268412
72297
270274
138210
38933
50022
189793
5779
63020
237066
9425
20115
227476
1963
63030
35866
40756
104879
2098
179097
345526
115008
75869
307047
76017
186160
82207
1271
4631
118696
62473
62467
108093
70432
195669
4841
242082
79229
23154
324555
329585
188070
68602
322859
113631
69189
326871
163447
275610
58957
296124
74460
379853
86804
214790
3847
294120
62535
53890
223547
205028
259054
10226
75217
194259
74426
218440
262276
66597
234378
168123
158003
186613
338802
36233
104359
84493
278801
28225
5017
108916
3449
62484
70283
6499
25467
318542
184745
10609
187112
38523
2811
107443
330918
350224
37573
69191
81857
190385
43118
18506
2771
55479
107538
188073
886
115917
22988
62479
301369
226807
75867
75215
226615
95642
349616
47888
272774
70392
176292
145457
73828
3055
317620
15177
216239
328313
207351
192033
1009
231888
69439
70284
4290
347140
183554
239911
70256
70607
311532
3640
111361
114062
402935
7352
133680
99925
2087
299498
76045
175424
313826
1442
249674
181464
33354
226806
143205
260948
63035
252950
48044
62465
39676
186184
61413
43523
91341
247496
43574
210230
4244
237084
136600
27334
118950
1932
140634
94040
145781
224083
70131
56842
9800
272935
120914
125448
53889
305741
74399
63714
64491
70290
35983
72710
61444
62250
275371
265372
48118
123539
203010
193445
278031
330883
1748
811
249620
249608
45706
259135
262111
215473
66600
3091
326644
317615
270473
63019
227980
74449
367727
214272
