19708
317965
62283
2474
221062
2329
238684
147920
38293
174138
10797
229393
314480
323747
329202
35861
70246
5826
3271
47669
70259
195713
333176
74442
74437
147147
64490
358638
23626
92290
33514
88348
87593
23535
219927
99806
256283
20114
8371
133975
22109
316795
70294
81728
350854
117095
104346
2217
39869
68293
69188
27885
424395
75177
70287
62280
140428
53418
230110
37065
184023
314366
265532
202419
10308
119389
66220
101737
61504
230940
296798
59117
67373
69081
279713
22562
98638
240428
277371
247791
149412
347782
7244
74435
62503
45919
37568
115756
78474
33506
72334
226942
90931
62260
144043
109483
294654
284428
70278
35937
3909
351895
61409
333615
297088
186161
263771
3417
106734
112641
66601
305195
180211
58252
45339
110919
298707
302523
95646
399178
359177
254716
58161
62429
139043
7366
285093
329909
195365
118336
218453
72336
69190
143093
23160
120925
170772
292233
248990
22405
298718
73712
321190
257608
89942
13430
296309
16340
3446
275352
360051
116349
198962
24542
242741
190680
63895
74404
252623
216414
129091
37254
81674
346982
195434
487
9733
179798
323651
25452
106294
147613
97927
762
214222
17746
167433
79676
153196
46452
39761
237052
280654
74420
112965
12381
2608
78045
31418
260619
292712
269551
363825
124532
305190
1761
70430
13345
140657
344022
74452
1996
305511
189984
16579
4294
56933
3811
254374
70427
79746
351921
112822
139719
38274
83915
48736
190910
62241
297208
199274
326868
309793
194116
60491
82204
20729
69388
24544
35988
317275
276760
2810
9871
112943
359985
350185
72706
276705
235096
