3686
82717
42815
372317
285132
90783
68807
8992
134057
359930
185291
62253
29075
90782
88060
37567
74448
172492
20934
70286
91640
1131
368816
61411
81861
56934
63376
40651
92430
20002
317970
198714
8295
57267
108378
57284
49018
297456
96787
67425
74407
342672
100568
327373
23155
74493
187084
101268
105543
104337
29649
144650
348538
200704
7106
358724
278898
74443
277369
126185
8990
1605
117601
76210
70431
77610
3013
221333
368995
285899
103731
346061
89279
69318
302875
327414
8218
208323
120902
227389
2642
84905
108880
114070
88041
186447
3479
377273
283642
29944
18371
10997
27336
366507
74432
307978
342674
78752
354288
138205
218711
3612
296795
82126
221190
125900
3407
151906
310178
74438
119886
178150
81719
10068
238962
355072
70426
108514
285130
312966
236163
305114
194261
379442
85503
74773
103824
285117
76917
62464
4200
265614
104348
47691
25419
74398
34284
379639
37660
3018
64291
11058
26404
4144
115238
309792
74286
234449
90790
88039
57285
291171
18458
1757
30483
245671
248206
74285
10570
38434
266348
81850
376349
165046
53587
82150
122772
66655
185562
108010
9732
293945
319126
148729
270279
85506
298451
134038
104086
1899
72286
266787
32093
325571
278757
398943
255667
223146
79197
75531
292542
236597
333623
2129
66565
141078
70257
8637
163904
43941
356976
28164
242617
57200
16854
4008
13133
165251
314518
40286
285936
90175
363308
25577
3102
180485
10995
106060
72353
274172
277322
354190
41029
328680
62481
359980
70423
74444
19136
14427
115780
328199
8008
116716
142758
260729
148095
1730
29608
118784
