252782
74429
136213
351714
60010
10353
112944
236635
318261
152055
61416
377811
77374
62115
292527
299705
65986
90968
62463
47140
7963
62279
4291
69316
228259
46826
74405
262943
62480
353645
62468
43367
38071
7104
28203
315060
237107
89211
305621
8752
234060
260371
3619
269092
74530
91454
333448
3158
64492
240974
66262
290288
348666
292861
291233
94429
46834
154771
355342
143046
10601
1739
90222
256233
10306
167695
200084
191323
313827
316042
311615
324632
307356
231647
364932
282565
360499
102552
62478
44676
7964
336202
216767
63378
270422
81506
46451
189659
298525
302766
296820
82151
131427
85502
223165
236224
298462
250117
212221
126192
119889
66410
322193
315745
10565
217689
78820
228625
208066
340677
7962
62426
62255
48358
898
24545
208513
146028
291642
4240
213329
235722
296076
10761
172494
75180
76444
99962
22507
148230
90967
4803
78404
108087
175979
142086
321560
2938
2977
1789
116892
121881
292784
55032
47573
85031
27566
227721
90784
79467
63379
96977
267658
221295
292316
301601
18093
109446
125899
91350
10649
77052
265543
57201
64377
81740
251919
85421
314447
970
247548
5941
72946
121883
363263
390312
305390
10040
43263
196748
44466
56929
70391
375511
165802
253989
109356
167348
134390
159159
91420
181089
136034
151960
321757
87718
220445
101322
130250
74492
320496
184433
126177
301469
388067
303864
61408
380506
39060
175601
3843
357210
7933
376147
61422
303172
56648
252432
2454
353388
76043
284371
1790
100557
388993
118476
202421
5848
89485
256114
2091
385541
424397
128885
76325
145946
207932
185762
312982
227724
