22108
289672
70255
60490
196773
3394
126779
139800
49247
174147
174222
91985
162774
104352
90798
121043
46097
353928
37162
159329
262547
165805
373390
70307
91517
70359
189660
228915
350756
20026
212004
69196
168902
319513
136764
241092
11726
365297
12189
85915
86773
3444
245689
354247
40339
211802
13135
238986
92415
298730
29315
214269
205113
70285
353657
202250
64494
118781
240198
131090
148361
144551
328441
887
62486
328032
106879
58250
284510
46013
375739
158043
68452
8543
320241
3190
70424
100799
172450
326875
37163
152567
5650
121046
66602
363042
74474
343106
268681
125049
7995
222552
63029
294752
139081
78494
112305
311528
354684
220848
82205
109956
330054
329014
322130
162792
350939
225021
75853
235097
66676
100025
25453
143753
275359
102140
314312
126324
64549
120224
297591
84081
884
330882
74408
108009
136756
95637
283053
262688
14733
148096
131225
283480
405659
7258
62466
232165
63018
360783
297624
99116
126174
5016
56756
50222
384211
95643
4285
294895
175404
68730
332655
175568
81186
364686
167235
217660
79205
80840
424399
90794
79226
138960
207593
4079
389646
350771
368617
148229
319739
278768
47537
209364
46940
49305
66260
95780
278998
14664
339095
371546
72338
79207
18507
295331
194196
224251
10158
212363
174519
171363
158022
9801
64993
189773
264358
13132
313828
229805
124778
406868
270739
186394
338201
334324
294869
241089
165892
153214
126176
324295
175410
73440
211994
204135
3400
36230
126183
66606
226989
100205
367726
33446
388271
29813
385559
308558
44451
3473
84872
207708
141512
320824
79199
63016
91611
7617
230176
72940
