197722
186570
92429
77471
159331
74424
33702
291286
13134
302572
136601
119687
355114
327606
1306
55703
277627
133387
70305
108011
354259
389571
384635
104338
293648
1375
63039
110462
127294
206253
384280
110485
193446
147568
2408
10463
57286
56930
179795
155778
304216
220688
192637
213509
199271
120903
212292
302797
234195
347953
354421
149993
62246
9850
28697
118475
3011
190111
317956
354253
370427
231887
288010
265519
205268
120705
189784
159795
161704
292429
66414
256668
338653
385560
331592
54764
213316
122606
185871
66598
345771
143953
77878
231210
55354
337784
240559
297195
179792
151974
139830
36232
14952
199273
126172
108438
115292
66603
182341
9783
199827
118785
139964
349317
132829
146737
68022
297361
221142
63927
29650
316106
312958
274133
57268
514
7062
237108
338424
79204
69192
234892
225771
317693
156734
212836
2480
104249
226561
49057
308936
37385
37545
309300
64288
240757
178624
206700
80787
262112
41028
283272
79802
247343
70247
248208
59035
220192
297370
241865
168599
1182
55300
142409
21580
339266
250148
241264
313829
7941
35793
115339
318602
260736
331164
132691
294657
186553
211841
319286
42253
229731
267179
126184
256500
194202
269553
300865
190254
103971
256649
209412
177092
320851
84386
37661
97825
1593
54705
77479
9590
11210
290630
237340
271198
345705
354745
304319
44027
148481
130294
212279
90349
47374
268161
6934
271098
352336
109739
37946
59250
240366
88676
262264
202615
366780
48032
250724
391841
322926
224640
269075
184285
66151
297344
351373
394997
179442
250802
146861
211276
329029
256234
272392
208896
319894
359059
328443
317042
322535
