192485
185442
8465
272475
135201
275083
276165
210233
366695
100023
212060
212955
119155
293859
306660
334495
113887
199425
184299
238881
358560
38899
18709
241112
321825
292273
273879
244982
14830
489
256552
306668
117029
87625
375531
54614
188412
295318
104350
237046
200589
354311
56118
330853
244878
199272
167028
38137
329285
308968
104343
165785
78408
185479
392349
308997
314163
237120
136008
256306
158415
73825
10460
234086
216570
150554
1308
213221
213794
214520
238880
126189
39109
330334
374319
29072
107671
340188
112151
68277
327317
312297
57755
39541
100498
323840
201212
291195
119349
104349
375571
288940
249471
214755
354260
54676
322900
182055
196023
54539
316105
187556
13131
328447
126180
36229
219779
196320
297340
297254
22584
378101
257271
246914
233547
233608
393217
261788
107835
331031
397025
272789
222226
223790
121882
155281
138440
274239
351375
80607
129805
141160
331535
268067
139038
295862
366793
322955
321092
331561
225819
226540
100024
90801
210282
144349
70250
334420
346425
329583
143558
172588
188024
329344
63281
207230
227231
175432
371396
231578
130609
327519
238640
281218
303195
228025
204123
202267
44705
309331
138834
293193
256230
268653
34605
37164
243428
330057
311310
107070
223502
302639
332467
289915
406423
354255
192202
306559
347988
321117
99740
141225
356793
173850
10074
376215
165406
382852
55101
167518
56108
403020
117906
141161
121042
79225
62948
321407
2566
100021
121038
2319
395537
278440
214146
249619
106981
192976
176958
103152
211059
16872
366250
147438
302767
270224
126024
299532
133403
195843
328356
247886
260407
99505
296109
93865
213261
208458
135816
132454
