1030
1639
2894
174638
174043
174142
174584
119356
3830
33695
75855
79227
14542
152691
35632
225801
56846
203387
170415
9270
78479
73083
1955
1451
60606
2882
29307
2785
3021
47731
3642
9617
7408
4046
2103
195249
60607
512
3022
3697
289829
141799
2074
106654
269918
442
22241
326895
131891
135275
38436
235130
57105
353266
60493
6819
332261
976
896
60604
1741
53984
234250
4255
95445
1444
4400
7206
3175
2464
199392
24274
104591
46458
9713
60608
242216
1220
4283
12
148726
4293
36126
22505
127573
88411
286125
22759
56403
111894
62571
348335
119035
226224
8181
50017
2215
309
7667
2936
193298
11784
3421
227718
1961
4274
123568
51928
3773
5649
1851
55654
70323
4043
54433
367712
335579
33922
919
37395
151345
312723
29889
66941
9571
336522
4212
1511
8696
244761
67755
316247
49666
2585
110648
39118
293658
53925
29426
139022
120186
286132
20813
8296
212008
3026
475
261806
381839
239270
347888
227240
1941
880
128239
159826
168204
178884
95225
101437
90502
103718
65883
2733
34281
5378
37745
11603
188819
220188
1372
10599
79656
1972
2971
19208
18779
110783
267412
58949
4843
25469
89875
60601
5864
192680
47889
14514
72767
315026
3425
234349
83737
44690
1934
307995
141852
294288
7348
70322
23537
2782
9568
10966
253046
50658
104569
192442
208908
2889
8582
237423
41013
11145
218971
160271
10071
116225
32318
4264
60605
316037
273843
210458
3734
64140
9642
467
74625
9001
273877
348240
238815
14766
285776
292359
10388
56239
331936
226218
