124615
240800
339998
262939
255525
147222
374206
198675
360345
126157
62247
354176
108757
225941
259149
258081
198396
289101
351251
377812
331033
215529
320232
290938
383631
240835
260839
220658
120701
191653
235816
312223
240330
333442
305111
162715
315898
349465
393782
356763
121039
272509
234082
146221
278429
230764
306993
327986
77170
145190
236590
394746
91626
302076
354246
361280
292382
311600
198600
186180
289906
282564
215726
314488
184153
78478
366522
323655
302933
215530
241093
81109
295263
260677
295707
264356
230517
273834
167935
325982
192029
132580
325727
220632
170191
257991
339969
269534
339062
373710
300685
293532
131901
210283
228254
114706
112133
262162
3809
237602
168641
338150
358742
190663
192203
317969
119187
264355
221126
407713
363959
249227
227098
269436
306147
198099
216298
295870
249630
280380
236790
303399
226256
391672
95825
330055
243168
204855
306193
211723
292238
96600
231414
212187
211993
363600
92161
219707
289856
85520
269329
180173
277360
295766
119677
225843
123178
334319
320218
312427
103023
108377
358648
207567
210940
277427
239960
139378
202661
120703
106292
241091
16215
316264
368829
146162
153197
161765
332043
307378
237988
101994
192204
1396
326869
40841
244900
149959
5332
345021
364822
184739
174592
326870
188050
242962
301462
357754
220187
305193
209955
401777
277399
265392
306429
219484
330894
320219
236657
269533
379687
263907
210346
411160
292522
247977
245531
328012
79228
279202
163046
326505
371842
96340
331935
125917
376399
286109
354146
292298
228255
50512
256543
121724
22100
269565
221119
247349
137504
20276
285437
212186
6476
