11629
47730
1010
75055
387892
3754
1983
2829
60368
2732
3816
115932
58864
2225
2689
4025
4045
3020
211934
866
255980
358934
221127
1147
121748
7159
192247
18268
536
2772
22704
6811
45213
37897
12544
2643
9564
2083
71802
1926
161818
296367
325178
10409
4450
37154
226223
2895
7312
211066
126615
25716
13549
136876
47891
285759
185274
150775
917
220403
58865
96643
105075
215425
2694
1848
102134
43972
8199
2899
278826
1515
251831
94985
97045
289138
13448
84991
38326
110600
805
296980
208576
47144
1973
334401
1849
982
13809
506
81372
197078
2328
5919
3170
292219
4562
139408
96645
373267
38435
99796
219200
8082
37396
4653
52606
240038
191056
37138
23573
236
14652
5927
289031
22287
109386
200887
439
212333
74542
18605
331646
272510
19051
240287
25226
2903
2940
34502
96130
470
117728
280837
58912
10243
47721
100565
29414
10582
78799
5658
334400
3731
112838
1262
211068
296079
219164
6326
13973
808
180172
185825
74467
8461
302228
82322
88562
3012
59583
37694
3206
1898
294134
32164
243787
2885
356774
46012
8019
211936
223268
2354
135805
249637
93044
183878
179949
136311
7360
114105
45884
41488
365437
337459
44691
47684
395780
39507
3994
209063
6437
46036
14109
369
246431
199228
473
10782
143694
2281
43099
9579
1947
58345
9856
12083
170557
106329
5653
6649
27832
1758
320224
218713
2609
80205
176518
4635
111762
44476
204678
88287
45054
2888
916
30141
205485
3149
161948
244008
77760
18511
451
262898
56569
61339
328514
3637
