1510
12558
4397
313937
27332
18778
978
79114
110049
5868
1935
19889
129233
170689
334402
9406
302189
210268
1860
18617
333158
5434
2141
1953
1954
69494
146923
1264
253042
5432
3621
162802
295918
837
99941
453
320857
136883
53407
121747
1743
46537
13295
3148
328195
39530
84122
30621
218740
38432
152365
155359
2462
79682
88564
33693
1261
1936
29139
69944
3326
373247
16557
118098
286124
245665
4047
26593
140001
246430
30222
8452
1427
1426
4442
103671
10382
52783
8061
4235
19446
28288
1109
110048
16804
56112
115732
63151
125025
10416
2887
103470
1314
2042
1753
181995
1949
54435
66444
1964
61545
246429
207491
107917
234266
146093
9605
277436
10393
95800
31212
5835
53926
8882
99859
265374
3555
2886
84728
4419
2751
75898
69163
12344
5871
10162
3806
2142
29648
38212
3131
9350
2604
142678
343183
223563
53216
429439
9572
145830
131717
113650
163169
21335
278899
3016
2567
192703
3499
130234
3733
755
272188
10462
1529
1879
389998
3188
2047
2135
5393
26453
10741
9569
1027
10389
15489
49424
14881
225561
37137
6993
145354
212278
533
28165
11895
3070
66202
84083
144465
100405
47146
29929
56758
33310
9781
276175
260680
14996
4395
52353
240039
69165
363242
335160
56757
50513
10613
66449
302373
120763
49019
33255
79686
56338
121745
207168
86721
228407
18022
3849
2000
42707
16190
2080
80442
344422
57978
2973
23325
267615
253250
40388
10376
37174
46538
8989
1979
36360
190630
62284
1025
16235
39024
993
106818
312537
91986
77188
