64048
4217
132817
104468
114612
6937
3023
4190
228350
325587
61118
350764
130131
488
331445
1044
183492
229018
130231
322349
2470
4188
99952
38216
241427
3054
3815
2586
38470
399354
83548
5430
212610
56159
195937
84993
147365
12496
4466
1931
28287
7842
25076
117148
47759
1965
54550
889
798
54297
211522
8539
329906
1026
14880
21233
10739
183957
18082
450
1938
61730
18016
107100
167655
4634
115980
132370
295090
469
343187
5433
148319
150746
6815
12944
1788
191523
2859
79660
1260
2696
354682
147085
37994
90792
4242
12618
26949
187225
399820
40533
105191
1040
285813
10422
1456
294993
242483
246915
294980
105278
1703
291039
282372
306210
23686
385209
4243
10561
210864
69496
511
4020
217573
48669
36379
24165
113906
9303
58850
122864
16924
2092
56759
107199
1688
1650
528
1326
2774
68591
132734
397781
13618
7931
1454
3515
39503
4140
46742
54256
3029
46043
2076
280516
160674
175428
283302
9996
315516
172518
53937
12703
174998
48670
204317
7345
234413
1974
5651
5365
79661
209062
369768
189446
331946
80918
455
5428
114967
875
331751
448
7150
1707
13097
3631
67451
5425
23682
9731
216435
22912
83067
82770
490
42342
5976
41731
764
43368
84701
5431
37012
65923
9566
24649
3174
6605
257494
99926
37722
2084
227392
425
894
221781
45905
8249
58054
1272
294947
46539
1194
116461
247086
160970
1505
2326
11132
2504
2776
80196
95419
114391
1729
52707
71955
232658
3618
161710
162771
2414
16594
34025
1780
4421
228109
366296
