51498
13312
29073
241418
13551
354414
75989
77646
100517
1930
3769
54338
117777
320242
208276
262129
266070
1039
4473
235920
10276
5426
170242
54254
329407
132422
11683
9389
142812
114968
18616
2968
46312
41887
403238
804
259874
16805
70280
123256
313
20815
171366
2617
101820
100403
2970
452
95784
52586
5435
2415
98371
12192
79658
298070
407515
126616
28389
27356
54257
1842
291494
34515
42339
212240
132197
128952
5656
5467
293307
36116
95609
50596
28357
221994
9567
129988
121187
2282
7108
364468
25665
211523
348598
3554
90390
18004
85561
146408
139046
84758
96668
27213
302293
11909
2915
12784
3848
28025
11193
11646
210289
3997
192723
4041
280
82777
146104
183891
315779
238430
254895
222893
90367
53742
3173
237852
91442
223818
111097
788
52781
9540
18009
823
13823
209839
67762
16841
83124
10597
157622
1951
278557
4686
239320
11715
10842
26224
44111
91252
47243
364845
260467
28411
981
88493
41734
234771
291011
175198
24546
18083
108554
296295
209060
50814
113134
102774
59825
2314
54258
9756
6998
26592
25077
2257
373712
41736
62281
37909
360773
63276
45048
3781
63012
279700
79176
108595
36226
1583
8372
225631
266794
183394
8546
126581
10339
85799
251060
18041
83012
13379
9304
234305
2661
68963
315375
82572
253650
395782
100443
291095
68284
394784
20961
2910
437
363880
1452
61479
304065
229154
13553
56415
391706
3413
10145
3795
458
1531
7014
5436
312979
60011
116742
363101
291635
11189
18505
8294
329160
11043
2729
54734
36759
330042
247182
3424
