2812
295009
25075
2128
79093
280678
18636
83402
107186
29366
130433
162688
463
106239
2411
262543
18046
84519
3027
33820
985
1850
20056
24154
208754
44961
43180
290
8365
86722
11208
3156
176296
34447
333381
80197
7597
283782
240811
2255
10481
50331
305740
55113
166348
3768
351943
266455
260772
291038
321215
312629
2769
15176
28687
140986
13674
25602
169274
11647
79685
60329
331479
282637
32213
4256
1275
42097
5874
20930
9726
46213
340282
289054
3031
24543
1912
145407
232884
323744
9397
43159
4486
348313
38430
269539
10857
351973
8982
313935
7217
36268
160124
171428
134543
19393
332570
100526
36112
40190
206737
15958
12576
3711
109724
37531
35629
30302
3287
177084
279219
10526
49294
269367
67751
165889
80599
120191
212003
237834
10560
349084
253581
175527
68961
14749
98294
7354
39794
79689
327550
388981
4192
6650
190441
36588
356756
41658
7320
147934
5499
46703
14645
294
195661
139655
270081
270085
156731
19021
270060
436
317614
56091
17652
333598
13041
211035
208930
20996
84988
1467
20799
58245
902
10238
218167
7666
191024
25400
26354
67763
50167
77473
1999
1991
85423
309002
74663
1933
35970
109328
329114
26800
52827
34227
312700
301233
3141
112371
123335
37248
67769
19390
313634
438
233593
231526
218712
1600
100511
84994
84996
49423
6591
3341
3632
227532
269235
8200
4543
2121
15957
269196
20234
109613
18051
449
235421
18631
10261
10378
9002
10578
2430
375913
7806
14667
38711
80838
325286
172957
164649
145745
286263
441
444
472
222425
238027
