460
234531
203861
136225
32025
32215
8999
177094
207167
23305
8970
5437
35989
295048
240738
2892
534
132725
332676
12071
1120
217249
3765
14231
80996
27924
1982
360268
69069
317002
150246
206925
92627
223335
464
36151
268070
366253
144852
18047
373931
17351
5475
91612
698
62628
123136
74628
69103
532
113135
183590
38040
303
23684
32248
115636
312310
22756
42095
229947
465
246477
10377
477
2440
10704
56844
97477
68935
3110
333707
19392
210486
38723
1967
81862
65970
63332
323960
49314
46014
37449
19531
139950
108016
59632
49426
49000
136226
47629
47764
257740
227739
126617
126619
84521
281
276641
89216
1450
36963
176025
154971
18504
324249
88715
13971
114184
79350
170120
29432
169917
82079
359770
13612
85339
36269
276785
319390
13679
18575
22987
14684
2891
49313
7880
20929
202242
9840
211438
20232
2107
8560
119795
188091
219952
192906
167386
180670
1547
459
239924
33219
890
23080
239646
10394
175531
19707
77647
13813
14646
14616
204868
4541
96849
292970
80993
292196
296261
196259
37062
370380
290426
30223
31258
11714
24062
25713
335225
37672
68966
91628
18614
50900
46533
36056
55708
170777
10829
139317
4074
292264
58646
6816
100447
1002
3763
79701
87717
209408
61260
2478
211581
126618
105592
91946
3846
62835
7654
47147
4398
241158
5468
175533
256406
80839
118107
162032
145365
46829
38758
6986
125624
295884
79938
8333
192151
36319
165361
244928
278828
38081
80195
2881
276792
36587
138180
8356
11044
3179
6254
129014
52826
296678
55467
138844
82756
302418
