253
326
324
876
25961
6049
237
1728
265
211567
1428
2907
321
110467
238
340
839
10380
11834
1608
3375
247
840
311
1270
263750
770
146457
106207
1962
1015
3302
37460
93739
254
216371
9622
9717
4019
92705
141530
325285
39923
841
173849
298
93377
848
10291
44693
847
1453
4583
1773
9912
29883
1333
310
315574
67753
335036
246001
317613
294135
320
23304
1704
328609
51
152091
176615
975
72266
124341
793
295
120236
822
1671
18692
325585
3553
262897
132373
1959
248154
147068
4163
3128
115908
605
240386
842
2741
1269
47576
1891
100501
860
113292
8
33352
1856
2496
27364
298477
88473
493
203526
965
276
315
6048
37785
40003
1104
2734
207195
10356
12426
302
120700
309311
41568
485
769
282684
8986
3774
84171
9565
3996
772
531
794
12536
995
218708
119394
338
48745
8621
844
750
11577
285901
217300
148037
3627
278569
768
110148
4124
4077
240760
1267
116370
1940
10639
216372
282433
202240
175596
120791
246238
68812
45089
288
22588
28533
353605
1984
3324
1424
56847
9005
13552
1029
843
21032
1266
909
48746
218707
127563
3172
3423
1948
289
10379
12885
28205
296739
294880
211089
334105
72941
486
1625
85631
891
8402
37183
496
52787
18294
55770
112419
4042
307
44692
347887
37063
234
290980
1606
28440
18624
259
927
10843
62680
43558
696
80864
1443
10404
100444
101442
23495
160209
22985
425211
77480
302286
376703
440
193378
389474
215618
187276
2664
980
78405
4608
29870
14878
3428
11658
235128
129807
292
233
443
1607
2979
767
66244
515
1976
343607
3892
386809
799
230914
54552
13603
2463
118335
1937
148036
2461
14879
2582
59664
2481
404804
8726
5694
24790
4038
232067
211311
4607
60901
2045
214265
361095
1373
88433
286126
2896
82233
3995
4014
64172
29421
5118
314
242
3130
175600
3478
37685
25833
968
233926
45241
2921
516
207573
26449
4216
35858
331887
33491
1905
294836
67217
50
91205
3166
150490
68035
262277
2611
8484
13557
322967
6390
4010
130230
293049
209925
221726
45336
500
24823
243429
41189
312
90880
10395
3153
3168
1878
252655
337
2046
221227
9853
7707
1942
2096
2981
105255
14508
979
2166
697
1609
240799
35679
282
2127
4884
812
14220
47665
12317
4475
28065
100449
158316
1038
333664
144087
284
115661
329948
57995
5753
186881
10436
300
2459
316007
175599
43581
191302
3304
112397
89536
23161
3626
1219
2842
12283
76319
2460
248175
313852
513
214824
2439
14106
3291
109869
277554
1512
10392
1981
1321
376739
16621
10385
4215
1760
176478
2094
4301
6880
80199
10357
77476
4859
193042
9979
243981
766
10358
8803
3293
1958
921
2972
23307
299
208825
284524
211269
3019
928
977
10419
7777
49315
3292
274
37819
1742
10197
6985
1805
751
8474
219654
1263
103906
255191
214799
287488
285482
305
23213
54234
282759
10553
304087
2603
228046
7883
11598
38256
324720
4214
83868
3275
23119
124649
2108
4035
119279
129224
118262
355109
1966
13012
13871
274613
159725
407
338353
2059
5487
36359
138829
5870
39087
3134
61275
9588
343176
693
79678
38437
254470
330
8290
1894
299277
380448
36004
216310
271151
28066
14877
1836
918
52129
5998
424227
47685
13677
8987
181354
97305
3916
10309
12579
3641
18254
251547
3482
749
503
137722
593
45240
3471
56117
9757
1956
28900
133860
31836
106656
10440
13014
296875
11602
37873
334
806
22346
3805
194300
4849
2693
10375
85316
106655
231497
260770
295421
294713
3622
339326
6756
332649
285666
1890
4328
165738
152092
109375
39531
61534
185792
185943
283
10391
266301
3113
885
8748
4075
10941
104521
2784
86895
893
378862
240798
5997
4028
317680
2097
3133
69484
36355
1752
508
2898
2662
208826
331480
99748
2712
50323
381842
8386
899
2790
18882
357961
9639
21942
4237
297261
1171
51945
274234
126173
92412
40310
220631
3960
84756
297396
361385
296195
4406
13498
75568
10402
45904
110239
25442
1957
2897
236020
217285
106653
216311
129844
36186
54675
2789
1877
20547
14876
305515
10840
100437
109604
1487
14588
213816
3893
91987
1617
62285
40187
96167
9619
379789
114161
124646
3819
85204
3485
240583
2710
311809
2909
2531
382
362335
296659
243916
19130
3732
36338
3169
36271
6651
4193
286127
265708
262940
8081
286
9618
204027
345980
334399
52392
331752
10742
13045
381841
84501
361384
175137
8991
17160
64086
37874
79662
77171
1969
86670
285074
2049
204623
3755
78798
75533
49892
1030
1639
2894
174638
174043
174142
174584
119356
3830
33695
75855
79227
14542
152691
35632
225801
56846
203387
170415
9270
78479
73083
1955
1451
60606
2882
29307
2785
3021
47731
3642
9617
7408
4046
2103
195249
60607
512
3022
3697
289829
141799
2074
106654
269918
442
22241
326895
131891
135275
38436
235130
57105
353266
60493
6819
332261
976
896
60604
1741
53984
234250
4255
95445
1444
4400
7206
3175
2464
199392
24274
104591
46458
9713
60608
242216
1220
4283
12
148726
4293
36126
22505
127573
88411
286125
22759
56403
111894
62571
348335
119035
226224
8181
50017
2215
309
7667
2936
193298
11784
3421
227718
1961
4274
123568
51928
3773
5649
1851
55654
70323
4043
54433
367712
335579
33922
919
37395
151345
312723
29889
66941
9571
336522
4212
1511
8696
244761
67755
316247
49666
2585
110648
39118
293658
53925
29426
139022
120186
286132
20813
8296
212008
3026
475
261806
381839
239270
347888
227240
1941
880
128239
159826
168204
178884
95225
101437
90502
103718
65883
2733
34281
5378
37745
11603
188819
220188
1372
10599
79656
1972
2971
19208
18779
110783
267412
58949
4843
89875
60601
5864
192680
47889
14514
72767
315026
3425
234349
83737
44690
1934
307995
141852
294288
7348
70322
23537
2782
9568
10966
253046
50658
104569
192442
208908
2889
8582
237423
41013
11145
218971
160271
10071
116225
32318
4264
60605
316037
273843
210458
3734
64140
9642
467
74625
9001
273877
348240
238815
14766
285776
292359
10388
56239
331936
226218
11629
47730
1010
75055
387892
3754
1983
2829
60368
2732
3816
115932
58864
2225
2689
4025
4045
3020
211934
866
255980
358934
221127
1147
121748
7159
192247
18268
536
2772
22704
6811
45213
37897
12544
2643
9564
2083
71802
1926
161818
296367
325178
10409
4450
37154
226223
2895
7312
211066
126615
25716
13549
136876
47891
285759
185274
150775
917
220403
58865
96643
105075
215425
2694
1848
102134
43972
8199
2899
278826
1515
251831
94985
97045
289138
13448
84991
38326
110600
805
296980
208576
47144
1973
334401
1849
982
13809
506
81372
197078
2328
5919
3170
292219
4562
139408
96645
373267
38435
99796
219200
8082
37396
4653
52606
240038
191056
37138
23573
236
14652
5927
289031
22287
109386
200887
439
212333
74542
18605
331646
272510
19051
240287
25226
2903
2940
96130
470
117728
280837
58912
10243
47721
100565
29414
10582
78799
5658
334400
3731
112838
1262
211068
296079
219164
6326
13973
808
180172
185825
8461
302228
82322
88562
3012
59583
37694
1898
294134
32164
243787
2885
356774
46012
211936
223268
2354
135805
249637
93044
183878
179949
136311
7360
114105
45884
41488
365437
337459
44691
47684
395780
39507
3994
6437
46036
14109
369
246431
199228
473
10782
143694
2281
43099
9579
1947
58345
12083
170557
106329
5653
6649
27832
1758
320224
218713
2609
80205
176518
4635
111762
204678
88287
45054
2888
916
30141
205485
3149
161948
244008
77760
18511
451
262898
56569
61339
328514
3637
1510
12558
4397
313937
27332
18778
978
79114
110049
5868
1935
19889
129233
170689
334402
9406
302189
1860
18617
333158
2141
1953
1954
69494
146923
1264
253042
5432
3621
162802
295918
837
99941
453
320857
136883
53407
121747
1743
46537
13295
3148
328195
39530
84122
30621
218740
152365
155359
2462
79682
88564
33693
1261
1936
29139
69944
3326
373247
16557
118098
286124
245665
4047
26593
140001
246430
30222
8452
1427
1426
4442
103671
10382
52783
8061
4235
19446
28288
1109
110048
16804
56112
115732
63151
125025
10416
2887
103470
1314
2042
1753
181995
1949
54435
66444
1964
61545
246429
207491
107917
234266
146093
9605
277436
10393
95800
31212
5835
53926
8882
99859
265374
3555
2886
84728
4419
2751
75898
69163
12344
5871
10162
3806
2142
29648
38212
3131
9350
2604
142678
343183
223563
53216
429439
9572
131717
113650
163169
21335
278899
3016
2567
192703
3499
130234
3733
755
272188
10462
1529
1879
389998
3188
2047
2135
5393
26453
10741
9569
1027
10389
15489
49424
14881
225561
37137
6993
145354
212278
533
28165
11895
3070
66202
84083
144465
100405
47146
29929
56758
33310
9781
260680
14996
4395
52353
240039
69165
363242
335160
56757
50513
10613
66449
302373
120763
49019
33255
79686
56338
121745
207168
86721
228407
3849
2000
42707
16190
2080
80442
344422
57978
2973
23325
267615
253250
40388
10376
37174
46538
8989
1979
36360
190630
1025
16235
39024
993
106818
312537
91986
77188
64048
4217
132817
104468
114612
6937
3023
4190
228350
325587
61118
350764
130131
488
331445
1044
183492
229018
130231
322349
2470
4188
99952
38216
241427
3054
3815
2586
38470
399354
83548
5430
212610
56159
195937
84993
147365
12496
4466
1931
28287
7842
25076
117148
47759
1965
54550
889
798
54297
211522
8539
329906
1026
14880
21233
10739
183957
18082
450
1938
61730
18016
107100
167655
4634
115980
132370
295090
469
343187
5433
148319
150746
6815
12944
1788
191523
2859
79660
1260
2696
354682
147085
90792
4242
12618
26949
187225
399820
40533
105191
1040
285813
10422
1456
294993
242483
246915
294980
105278
1703
291039
282372
306210
23686
385209
4243
10561
210864
69496
511
4020
217573
48669
36379
24165
113906
9303
58850
122864
16924
2092
56759
107199
1688
1650
528
1326
2774
68591
132734
397781
13618
7931
1454
3515
39503
4140
46742
54256
3029
46043
2076
280516
160674
175428
9996
315516
172518
53937
12703
174998
48670
204317
7345
234413
1974
5651
5365
79661
209062
369768
189446
331946
80918
455
5428
114967
875
331751
448
7150
1707
13097
3631
67451
5425
23682
9731
216435
22912
83067
82770
490
42342
5976
41731
764
84701
5431
37012
65923
9566
24649
3174
6605
257494
99926
37722
2084
227392
425
894
221781
45905
8249
58054
1272
294947
46539
1194
116461
247086
160970
1505
2326
11132
2504
2776
80196
95419
114391
1729
52707
71955
232658
3618
161710
162771
2414
16594
34025
1780
4421
228109
366296
51498
13312
29073
241418
13551
354414
75989
77646
100517
1930
3769
54338
117777
320242
208276
262129
266070
1039
4473
235920
10276
5426
170242
54254
329407
132422
11683
9389
142812
114968
18616
2968
46312
41887
403238
804
259874
16805
123256
313
20815
171366
2617
101820
100403
2970
452
95784
52586
5435
2415
98371
12192
79658
298070
407515
126616
28389
27356
54257
1842
291494
34515
42339
212240
132197
128952
5656
5467
293307
36116
50596
28357
221994
9567
129988
121187
2282
7108
364468
25665
211523
348598
3554
90390
18004
85561
146408
139046
84758
96668
27213
302293
11909
2915
12784
3848
28025
11193
11646
210289
3997
192723
4041
280
82777
146104
183891
315779
238430
254895
222893
90367
53742
3173
237852
91442
223818
111097
788
52781
9540
18009
823
13823
209839
67762
16841
83124
10597
157622
1951
278557
4686
239320
11715
10842
26224
44111
91252
47243
364845
260467
28411
981
88493
41734
234771
291011
175198
24546
18083
296295
209060
50814
113134
102774
59825
2314
54258
9756
6998
26592
25077
2257
373712
41736
62281
360773
63276
45048
3781
63012
279700
79176
108595
36226
1583
8372
225631
266794
183394
8546
126581
10339
85799
251060
18041
83012
13379
9304
234305
2661
68963
315375
82572
253650
395782
100443
291095
68284
394784
20961
2910
437
363880
1452
61479
304065
229154
13553
56415
391706
3413
10145
3795
458
1531
7014
5436
312979
60011
116742
363101
291635
11189
18505
8294
329160
11043
2729
54734
36759
330042
247182
3424
2812
295009
25075
2128
79093
280678
18636
83402
107186
29366
130433
162688
463
106239
2411
262543
18046
84519
3027
33820
985
1850
20056
24154
208754
44961
43180
290
8365
86722
11208
3156
176296
34447
333381
80197
7597
283782
240811
2255
10481
50331
55113
166348
3768
351943
266455
260772
291038
312629
2769
15176
28687
140986
13674
25602
169274
11647
79685
331479
282637
32213
4256
1275
42097
5874
20930
9726
46213
340282
289054
3031
24543
1912
145407
232884
9397
43159
4486
348313
38430
269539
10857
351973
8982
313935
7217
36268
160124
171428
134543
19393
332570
100526
36112
40190
206737
15958
12576
3711
109724
37531
35629
30302
3287
177084
279219
10526
49294
269367
67751
165889
80599
120191
212003
237834
10560
349084
253581
175527
68961
14749
98294
7354
39794
79689
327550
388981
4192
6650
190441
36588
356756
41658
7320
147934
5499
46703
14645
294
195661
139655
270081
270085
156731
19021
270060
436
317614
56091
333598
13041
211035
208930
20996
84988
1467
20799
58245
902
10238
218167
7666
191024
25400
26354
67763
50167
77473
1999
1991
85423
309002
74663
1933
35970
109328
329114
26800
52827
34227
312700
301233
3141
112371
123335
37248
19390
313634
438
233593
231526
218712
1600
100511
84994
84996
49423
6591
3341
3632
227532
269235
8200
4543
2121
15957
269196
20234
109613
449
235421
18631
10261
10378
9002
10578
2430
375913
7806
14667
38711
80838
325286
172957
164649
145745
441
444
472
222425
238027
460
234531
203861
136225
32025
32215
8999
177094
207167
23305
8970
5437
35989
295048
240738
2892
534
132725
12071
1120
217249
3765
14231
80996
27924
1982
360268
69069
317002
150246
206925
92627
223335
464
36151
268070
366253
144852
18047
373931
17351
5475
91612
698
62628
123136
74628
69103
532
113135
183590
38040
303
23684
32248
115636
312310
22756
42095
229947
465
246477
10377
477
2440
10704
56844
97477
68935
3110
333707
19392
210486
38723
1967
65970
63332
323960
49314
46014
37449
19531
139950
108016
59632
49426
49000
136226
47629
47764
257740
227739
126617
126619
84521
281
276641
89216
1450
36963
176025
154971
18504
324249
88715
13971
114184
79350
170120
29432
169917
82079
359770
13612
85339
36269
276785
319390
13679
18575
22987
14684
2891
49313
7880
20929
202242
9840
211438
20232
8560
119795
188091
219952
192906
167386
180670
1547
459
239924
33219
890
239646
10394
175531
19707
77647
13813
14646
14616
204868
4541
96849
292970
80993
296261
196259
37062
370380
290426
30223
31258
11714
24062
25713
335225
37672
68966
91628
18614
50900
36056
55708
170777
10829
139317
4074
292264
58646
6816
100447
1002
3763
79701
87717
209408
61260
2478
211581
126618
105592
91946
3846
62835
7654
47147
4398
241158
5468
175533
256406
80839
118107
162032
145365
46829
38758
6986
125624
295884
8333
192151
36319
244928
278828
38081
80195
2881
276792
36587
138180
8356
11044
3179
6254
129014
52826
296678
55467
138844
82756
302418
32817
3826
321885
50811
3489
355004
5498
491
181640
81404
338400
8122
309910
402223
87700
12546
2690
175532
31374
11180
29647
63013
107454
3825
64095
6995
358660
325892
286123
10387
24153
3157
10418
20241
278449
253693
67452
26803
200913
214671
4614
331489
26013
239926
14759
3859
35814
1904
101399
331559
101799
836
5918
79419
2476
148389
7882
69943
112357
67376
375817
36324
37619
409323
80698
77143
17045
401960
86517
8281
72340
231474
46126
2914
39270
28101
36119
322449
204863
12282
9271
2691
105426
10390
176599
118783
40126
16437
39303
1839
15174
269548
2451
12985
40935
11147
5654
350880
189639
9570
155704
11779
14643
41733
26266
4871
212675
67760
84998
293872
84986
3025
12722
13550
10299
38070
4213
35990
84864
212084
1731
3761
51621
30055
10435
3325
356658
110885
51944
279087
28628
50674
41865
4873
54289
49598
22510
5977
5087
276150
37411
303068
2813
2412
228460
19613
411246
231722
81947
24508
29060
119344
54372
58015
130452
204641
1764
308545
387803
39064
80932
29413
41863
285879
71594
10160
48943
8357
3762
91322
883
219955
339904
1418
9385
411247
356413
36127
137292
109541
282850
22509
2473
52484
158796
143751
208709
28114
297969
2299
254762
1880
18578
159365
40188
291206
23443
240837
83869
265810
47763
5109
120369
81034
68964
198380
78282
121108
25920
112146
170261
3032
241955
41732
304727
114758
223134
9966
67764
43525
10965
38938
160328
234761
4542
332133
28431
468
69942
36266
10406
117898
27883
312314
58948
64094
148181
130098
126034
305059
3948
140075
33118
20851
208708
213731
74901
69295
84989
22657
292449
12943
328512
3955
14738
3620
37020
63333
35977
2126
77014
6593
64096
136249
3744
1952
25710
349441
27778
147359
10567
107974
61533
34237
104196
291643
4882
182886
4282
112770
301230
192732
380229
271031
3393
53386
88438
289310
530
2120
78796
281272
10765
36326
412301
18850
2175
309905
100763
285784
15946
241185
3152
3138
2443
223147
12436
235612
12351
350362
20931
230295
45395
30627
18049
19524
446
180775
54727
341360
20709
124269
45841
18864
13008
110526
53575
30390
67754
10799
61498
54356
215096
2088
147364
211780
60712
71259
55020
69467
80548
94893
46828
67765
3743
296151
227136
171068
117153
107474
3484
269549
10844
147466
46832
22508
2833
2220
185761
1978
368116
195816
144843
22986
807
49270
8972
48031
67809
371890
44675
6997
313936
48039
18797
42786
38701
311153
55015
9349
2274
100451
100227
298119
256701
40122
326590
10421
149361
10745
244929
66491
101267
191956
248665
263808
215508
5972
4480
227419
66242
5490
8700
119985
888
1028
221736
24329
84995
2893
65871
295195
16250
29323
84984
355802
84719
3359
12697
3305
3764
124969
115660
189545
20266
74659
282736
18615
43197
106693
38989
84987
193373
37855
183522
4313
57150
48700
281271
15007
260339
33220
11114
2969
76194
256528
6235
10596
14389
21743
849
187019
244
127448
395489
245125
35916
699
38954
17122
316607
78801
147683
1103
203781
47761
104661
259070
211618
35790
37898
10338
41867
7618
271724
9779
24592
2173
97197
294872
476
8996
234778
15353
33068
61141
281283
297318
76836
93545
218226
18459
10275
88741
196355
394260
72651
67758
7107
10470
121739
315490
192153
7570
2916
93356
36237
137580
4482
194927
28712
332585
4394
270636
46234
52771
403745
125807
148099
37870
39121
2794
281240
309670
212609
320221
38119
175530
3060
1749
105969
40196
73920
7029
192152
200547
144620
141806
36247
65601
121003
10954
24540
110434
3369
10401
68535
91222
409088
3294
393446
286963
49050
276788
310656
1533
298734
67767
375977
2725
38695
107099
18576
4006
355470
10413
350795
240562
226190
41742
40932
244226
141616
226507
18780
27773
265962
36225
233319
229611
10182
69214
19542
3136
90772
308028
64087
61216
121002
316957
66234
190793
60392
318541
406187
137062
148142
2681
182130
297758
36239
113649
18512
89712
77706
385411
23467
332446
113327
46079
28707
298698
116871
55100
20928
1852
54551
266157
27357
10227
150955
111081
11604
28103
529
106923
118066
3059
177664
298695
314253
47533
302738
55578
10414
15910
24837
16436
333853
3759
354026
100450
21065
296308
62422
11045
199270
1944
12357
72337
43951
315069
114685
340275
3944
2078
45394
204200
75702
370413
2913
4507
144041
112481
358573
95796
159335
54438
3028
59077
5491
40189
311759
139324
330973
145908
49568
28359
1257
58311
190485
237446
5230
269090
90391
396940
16139
272921
11836
4016
4830
13987
17874
12782
43310
170762
2688
50535
11645
18826
1750
10417
10557
131540
1759
45393
103127
3024
67811
277518
2010
66186
3422
1997
219483
37415
27624
3129
259616
68967
34005
8881
225462
67749
147706
301740
45391
85888
162040
16141
10940
3856
360398
226986
310263
148436
321387
362577
3633
9348
37673
240821
48944
129246
40191
323626
52788
3974
181880
341148
67990
160220
209956
394098
67768
45812
236074
11876
396988
138053
195110
192701
23446
163711
38722
103304
285908
4384
8968
286339
147791
375735
37170
296129
297224
129222
19540
307982
973
46954
1429
118782
26228
211853
49278
9387
6473
201754
2310
355338
114197
91651
8995
296078
6021
18842
10405
13343
46116
77625
139663
85210
308
93438
18613
63686
2788
1939
48702
238087
256278
1779
56849
13554
28496
8804
1014
38428
199229
1420
2735
85005
195328
28230
72942
67766
105781
268320
205737
12982
189777
18150
246771
259553
246898
17883
36120
61222
36238
24824
110917
278670
2063
242736
274357
45842
159824
320147
193452
48061
94236
38966
262518
198246
23170
118339
126018
92382
132754
86870
139221
123281
897
2060
88311
95010
3844
9774
11743
143740
10650
273485
252321
1871
1901
67748
13342
82193
168417
1995
333716
46117
107543
59844
90795
340288
87936
117556
309773
205310
11142
311724
80198
341938
28110
15237
6820
12620
14519
377556
36951
3014
36358
14041
268165
67227
239912
44120
100448
95810
4374
241831
111760
102427
153114
47666
5474
167180
83295
81846
116287
184022
8993
20580
36698
3477
131803
96759
6256
84997
78542
90512
90789
61213
323
236103
49425
59919
316519
83731
36118
61001
8971
96918
21929
6501
226193
48065
43383
18580
1486
241267
56665
261807
62893
2418
372218
265554
1990
237133
241441
314169
29074
3030
2974
184840
6592
39089
182215
320239
31435
1906
261493
145912
253047
199423
37007
89751
128635
12012
324285
3135
204145
244229
4101
290993
17121
6751
217599
199231
349033
1869
46010
277149
4396
46011
282891
139670
285728
244232
60533
366165
130364
17758
28020
80763
173303
31413
2089
267598
23056
79977
305569
5964
2171
291821
1822
229795
10854
92836
156591
55653
72814
10437
8998
99889
123467
99906
111359
101266
2216
892
56626
111761
223143
147780
146503
10283
24241
211439
27555
163473
5640
36828
332365
4369
44943
18656
12333
9737
281305
345811
90799
54293
213532
136913
175362
304
26295
215916
192702
20431
44679
127306
265712
25426
104420
4195
39195
281277
100705
5910
283088
20831
121746
65163
211844
2680
112905
11684
286238
9380
13143
120187
62946
20235
128801
256155
211882
297
4011
150239
55577
37418
325808
96861
39065
325612
214518
37416
82896
377607
2908
6849
226191
25369
4252
320215
258349
19418
23685
129384
36957
48880
3033
36125
39292
1772
192700
73441
320493
44758
299579
294873
30491
302802
5647
3603
283564
20117
1011
3630
100857
262519
114044
104908
53951
3787
6813
25552
6755
10494
308961
68461
4829
39088
41743
7362
15395
2912
255526
114488
114745
293421
184151
45392
2768
85386
119719
144666
71734
236947
389450
57933
75534
350343
2170
226677
38907
81847
44521
2482
2682
14871
41888
8380
242391
1737
98217
58915
44936
4040
10760
23542
8969
309668
37412
2939
10225
6909
10335
181090
228382
1977
108021
363414
303126
46131
106314
230669
1870
107957
208057
148097
9368
44678
44636
331921
78823
103813
215920
3139
3137
4471
7843
1545
238006
108012
72109
141588
104949
299673
44941
137937
299372
241187
7383
27759
45810
14538
49619
17120
282734
25444
30526
2695
294137
57269
331200
422759
145735
282590
194822
277037
278815
26391
20582
38646
20926
287316
226004
7620
260946
2976
8973
325673
124185
10465
88731
10508
170241
139318
222374
241133
87113
120067
39532
211617
19591
41612
240828
10213
36124
25422
264588
36241
219769
33002
1273
161941
895
108918
134261
29120
293008
103812
8725
53676
317
221655
5421
1862
348699
1838
378860
1841
184059
14429
2293
42850
175543
304301
36123
2062
91433
131622
81386
111889
229182
281325
144846
11072
216525
330394
219482
36357
109053
48928
227175
7573
36686
309937
38903
198894
7747
25423
65565
6812
1419
204483
1868
2469
56116
144665
69253
12970
101784
1867
38429
116148
120042
25587
217886
286967
4021
217632
192978
54173
160210
3752
159690
338270
147036
3712
3547
48289
47957
411248
21713
58914
78319
18513
14763
37140
388319
226187
211616
37468
307290
25417
27568
77756
25823
267732
47726
41529
306742
180710
203325
44461
315804
8719
294991
108015
276793
12332
2942
66693
174186
362575
44937
54277
341163
8966
23618
25711
2333
18606
38422
39699
40391
240838
24056
36260
153140
274524
2975
325281
197441
349032
8292
262865
269537
280200
237992
115338
27567
292073
98693
116276
108494
289145
494
297168
48034
319448
103810
277506
78398
19017
3164
267018
75907
120205
3182
129131
6814
148226
118908
4185
327432
34028
66411
101162
11727
95506
126606
2396
196075
3751
8415
2425
46128
260373
8544
1985
7993
295778
386628
60429
1986
10099
22946
328674
186620
44938
32816
335389
217655
148098
95095
43404
28206
58963
194877
198395
8884
248209
4390
251988
289910
46875
289119
280601
168559
64276
228026
87389
412336
49087
305660
212005
241335
61217
10542
25363
194201
232646
80995
771
349039
10595
43386
271072
4284
117808
101375
186099
297342
974
61340
14731
4383
101185
40249
28546
331306
2240
104139
316131
175457
211027
16140
153193
7621
8300
18299
23303
3828
28354
2082
5655
309600
41428
76368
302128
315456
362711
108090
49979
118906
187132
27088
117489
2300
219263
225850
2477
198968
231970
10581
12081
10285
148072
87615
116034
60376
1804
261805
8219
37469
276187
8413
38072
50945
8883
36787
339533
8389
317338
42789
130093
37344
47760
243923
271662
193270
117151
282971
221292
306
129007
2605
12655
236612
126461
217624
5832
100986
165806
8401
101195
277954
18048
320839
4039
327055
214741
45414
127827
276051
186072
358803
212362
411258
220312
92432
192252
213076
1309
270294
4330
239816
282000
3132
106212
193509
153195
326151
226282
40380
29326
147067
29399
175547
32330
121377
24683
7397
223541
269552
33355
355798
172155
217629
137063
1077
219143
285410
140307
6414
408013
10381
344740
383649
139137
273510
36067
276826
26594
285061
3429
395684
1989
251989
6752
2427
258042
38951
78406
228380
318769
214710
12746
135558
195666
186034
40199
345056
24356
79813
86445
187976
3780
315084
12433
310194
107537
341383
406197
907
5881
34000
341077
51935
305058
82214
268510
74662
119364
182239
305579
10457
269389
8590
196188
223289
297954
10383
1925
2610
30472
202268
377507
297022
4221
198910
6375
56093
304183
318870
95618
25425
10566
286775
279048
174143
197136
30525
104906
319252
277105
110961
296941
8105
130344
65376
217072
23681
2934
119034
129087
49693
106834
240346
342740
219166
228402
285422
72414
110062
136603
61346
410499
231261
47727
292832
2783
385928
117731
300839
234295
210811
185420
100040
314638
3420
220885
273458
176509
274646
18497
2286
317653
25424
13207
386469
151502
1415
208044
482
294864
47170
168466
322899
297225
212775
14959
53950
226750
3395
2168
3782
3841
1943
93424
44942
194036
405990
149983
177998
424396
88441
99538
1466
358689
269545
30503
289601
75899
165972
21035
11911
61343
49883
329165
3926
212459
97112
85303
289944
4735
38361
238004
93714
41019
2158
167434
138352
3758
44940
763
28956
127817
99810
84801
216461
20933
6858
413806
35715
184727
26987
296287
237991
129770
144357
53196
67826
107476
322102
294479
8412
60003
64988
97447
24815
186257
221293
36262
25399
369793
15885
7033
137892
132220
38118
46307
120445
26825
4286
58918
16393
91868
10459
227177
240037
345784
244224
52170
21231
314242
30515
51943
253997
8805
363850
103811
208450
147274
60022
3151
2079
6389
279365
22956
277363
116651
9472
146611
165589
4370
332696
285905
126175
129960
77016
103809
174765
34236
291412
33509
199230
121596
8997
193171
340842
39808
297094
54728
336340
146994
77570
75458
11190
281408
15494
37562
20932
189632
1421
322898
140020
354042
283090
44939
291213
277727
10598
366331
89486
192428
117899
47656
285545
189415
47728
7183
363026
26806
84189
308588
379456
2090
10942
219568
80778
47664
492
25341
175399
24801
306971
251987
109677
42741
271284
101153
251666
122890
351253
810
11875
105951
251985
326874
175525
90223
117558
2750
2448
14364
128131
22601
185837
361697
42859
361110
47464
340837
47630
40335
226613
40001
10506
374958
281282
131800
393238
169942
294337
1037
25919
10469
221020
266372
4887
84990
31414
278658
292580
376565
139475
38127
139400
268491
7619
58033
103831
211437
345649
277217
49119
68756
408144
251986
241186
120930
325097
273844
38124
140656
329907
67807
2172
24593
175603
47729
185686
340678
67729
264089
75521
55024
89594
9426
20529
215231
229508
3498
38766
348128
395714
425173
2174
17792
63131
34585
78078
1946
128322
270749
131779
175536
16996
323158
15871
18107
183591
194852
42238
58961
10075
18151
320052
255530
594
193619
282635
2875
25834
38228
4100
127724
88354
38126
18623
103160
222914
4558
19134
119086
363041
247417
18502
10277
378297
11913
127166
110641
228898
223148
24146
321196
6848
185001
7157
61276
171120
341273
68269
86072
198961
133679
5652
21900
93509
108820
27478
80913
84873
185771
376137
249243
291413
288311
2450
291650
25709
1638
307925
49559
75457
27886
304827
132981
16521
7184
267540
193639
38128
279321
3783
90815
338654
28102
24075
212315
368648
827
94929
241265
19594
92826
320413
205115
2169
30488
253048
809
126798
95679
206924
167729
231278
47725
1461
1423
68681
229642
404354
61347
61429
77552
74640
251009
19615
10488
343996
45624
20118
41574
102694
91135
148281
66523
340679
7160
33051
3410
9003
56094
142153
3183
352153
9820
381793
7075
12557
7835
39743
165553
39496
49131
145667
221021
87864
47696
82510
54615
58960
292216
292935
100858
74755
58709
2453
328707
227245
308025
187581
371692
66991
349504
390618
145355
146181
23386
77551
209596
169153
340822
8293
10246
14933
1377
18635
28881
239923
232072
4007
402659
10076
184021
415148
43557
4125
126623
280706
276412
304051
363309
172498
98286
18461
209567
154073
86073
282634
424398
289131
23157
38069
144671
271145
8227
109203
39610
336458
37303
3652
103232
208773
2606
39637
88954
168634
3327
290012
377769
74206
39269
2877
104219
4663
21099
14653
96113
5120
331692
18775
192794
328466
343656
328444
40081
6776
305411
195723
148416
70167
2472
2935
40879
44677
264105
25610
10384
317852
353805
90388
1436
253986
331099
77048
293887
169148
279059
38129
30361
205331
203812
34128
23421
219141
193953
12309
6504
42869
285424
31417
9821
2487
147686
41245
168468
2077
171122
236196
154112
54942
146172
61821
97561
19704
70960
294059
48037
202270
307088
24053
81179
84793
2001
63078
3167
159269
3690
13429
227390
227263
121804
199630
289951
22107
62718
38123
188453
94244
2471
9911
18079
346242
63130
210272
29259
381666
402740
316182
7350
67737
175402
48997
20359
8400
31416
20523
358728
55033
1445
212146
242670
209908
33116
47672
292222
165829
310687
30224
134204
1774
207866
125896
27236
10600
19322
158315
129614
341274
171121
35626
267481
148241
38965
2982
4668
282762
390859
192314
311784
11973
364450
212200
333349
38120
26804
94335
54371
109948
68031
189780
132212
223407
231247
14890
24161
22050
147343
220375
3241
277551
303157
317692
25714
49983
318227
116145
42690
310950
12193
27337
284575
3283
309921
38125
221637
136336
278202
228378
174141
38122
309753
253628
117149
2904
239839
1987
17119
13485
235705
46124
27993
46112
349442
9470
51212
3284
390712
294202
388170
263804
374228
90005
85338
110658
250514
238005
261048
13015
196053
8390
1763
335502
3090
22909
392060
167980
18629
279541
2475
89511
320733
46728
241033
49977
1307
7298
329
341937
159892
121126
220458
130747
145129
3760
187102
184057
187101
337430
146732
253831
1434
13555
271652
195845
194952
285724
256863
241270
116747
22179
168905
22406
208370
34418
2093
35095
95788
193282
38131
68757
268726
212361
190704
117155
96788
308826
35867
254788
202156
232657
13091
13406
22049
25608
236510
40247
4164
8758
112978
38121
339694
266224
195229
281096
14650
278661
7991
255550
308280
18480
115615
3653
244239
6609
318599
234089
6933
20116
3628
145775
183747
3416
31525
182406
187800
85424
149078
85422
190907
197162
89488
31034
189546
154689
1971
3745
8299
269550
296870
240499
341377
59160
113629
284546
26229
212059
129105
16528
299202
242170
241949
347818
242633
284641
104138
247841
41244
208394
208068
214167
1274
239125
228820
186908
345781
224720
31531
325728
7026
24159
2937
14718
1980
293610
43982
73084
141781
7218
143099
1924
334498
333624
136371
231716
39091
8297
192815
33319
324728
195185
193562
175398
194858
24651
301541
4371
66954
193161
194165
75440
8364
36264
18361
4588
105214
198230
202256
225022
312298
3140
202880
304150
78967
22739
76704
25630
169425
223398
20113
19538
284819
10558
278220
23322
13344
115735
22849
351712
130165
133192
286650
151101
315744
149257
226734
142990
85557
198098
257844
161793
20866
210231
175460
252347
27317
12786
139786
3891
38217
47670
239910
1740
4281
227102
313599
18010
183216
207091
306876
116142
228848
148233
22599
293434
291479
2726
327772
49362
6007
272034
58919
227775
329436
134951
84547
116045
9751
1861
219658
271687
23536
59200
14729
105155
332117
923
161942
95824
1265
90368
251539
138754
83079
317691
10507
224641
20909
27361
24541
9716
52789
257369
129976
3532
36958
10509
16605
218572
8233
56951
159661
188064
221490
133962
259790
110244
2978
217820
45143
4312
10180
199373
202261
3100
178606
302190
145734
20925
25715
127979
2167
220566
55110
61962
292969
22444
16608
129687
267250
74541
362479
9416
186515
43139
309056
376708
38132
22679
362733
217235
21898
10220
114394
1970
287615
7860
1945
110867
80985
217405
250479
38936
101518
270242
110568
1455
403379
307033
105875
145739
231309
37033
279457
104878
52485
4315
270229
67407
83929
10610
407659
267437
5648
84866
118067
309869
200355
194886
27479
78919
215158
299709
354189
403430
4292
103161
84506
307032
358692
98367
415587
270641
19618
23683
11600
54602
117282
228969
24738
61345
14153
29400
27362
185883
7844
161058
10456
1920
9655
294773
175405
10555
266147
189923
256660
344874
133608
4840
187502
66338
225604
273551
243097
112652
163114
19561
11209
268545
390239
234059
269546
135202
48055
80837
192123
37569
48882
200859
7370
62940
174504
239974
343125
342200
295615
255547
262382
325
318543
262696
10278
67229
295017
283636
52764
49020
373833
186220
221819
47276
212017
193911
268412
72297
270274
138210
50022
189793
5779
237066
9425
20115
1963
35866
40756
104879
2098
179097
115008
307047
186160
1271
4631
118696
108093
195669
4841
242082
79229
23154
324555
188070
322859
113631
326871
163447
58957
379853
86804
214790
3847
294120
53890
205028
259054
10226
194259
218440
262276
234378
168123
158003
186613
338802
84493
278801
28225
108916
3449
6499
318542
184745
10609
187112
2811
107443
330918
350224
37573
190385
43118
18506
2771
55479
107538
188073
886
115917
22988
301369
226807
226615
349616
176292
145457
73828
3055
317620
15177
328313
1009
231888
4290
347140
183554
239911
3640
111361
114062
402935
7352
133680
99925
2087
299498
175424
1442
181464
33354
226806
143205
260948
252950
39676
186184
43523
91341
247496
43574
210230
4244
237084
136600
27334
1932
140634
94040
145781
70131
56842
9800
120914
53889
63714
35983
275371
265372
123539
203010
193445
278031
1748
811
249608
45706
259135
262111
3091
326644
317615
270473
227980
367727
214272
19708
2474
221062
2329
238684
147920
174138
10797
229393
329202
35861
5826
3271
47669
195713
333176
147147
358638
23626
92290
33514
88348
87593
23535
219927
99806
256283
20114
8371
133975
22109
316795
350854
117095
2217
39869
27885
424395
230110
37065
314366
202419
10308
119389
101737
230940
296798
59117
67373
69081
279713
22562
98638
240428
277371
247791
149412
347782
7244
37568
115756
78474
226942
90931
144043
109483
294654
284428
3909
297088
186161
263771
3417
112641
180211
45339
110919
302523
359177
254716
7366
285093
329909
118336
218453
143093
23160
120925
170772
292233
248990
22405
298718
73712
321190
257608
89942
13430
296309
16340
3446
275352
198962
24542
242741
129091
37254
81674
346982
195434
487
9733
179798
323651
147613
97927
762
17746
167433
79676
153196
46452
39761
280654
12381
2608
31418
260619
292712
269551
363825
124532
1761
13345
140657
1996
305511
189984
16579
4294
3811
254374
112822
83915
190910
297208
326868
309793
60491
20729
24544
35988
317275
2810
9871
359985
350185
276705
3686
82717
68807
134057
359930
185291
29075
37567
172492
20934
91640
1131
368816
40651
92430
20002
198714
8295
49018
297456
96787
342672
100568
327373
23155
187084
101268
105543
29649
144650
348538
200704
7106
358724
278898
277369
126185
8990
1605
117601
76210
3013
221333
368995
285899
346061
89279
302875
327414
8218
227389
2642
108880
88041
186447
3479
283642
29944
18371
10997
366507
342674
138205
218711
3612
296795
221190
125900
3407
151906
310178
119886
10068
238962
355072
108514
285130
312966
236163
305114
194261
379442
103824
285117
4200
265614
47691
25419
34284
379639
3018
11058
4144
309792
234449
88039
291171
18458
1757
30483
245671
10570
38434
266348
376349
165046
122772
66655
185562
108010
9732
293945
148729
270279
298451
134038
104086
1899
266787
32093
325571
278757
398943
255667
223146
292542
236597
333623
2129
141078
8637
356976
242617
16854
4008
13133
165251
314518
40286
285936
90175
363308
3102
180485
106060
277322
354190
41029
328680
359980
19136
14427
115780
328199
8008
116716
142758
260729
148095
1730
118784
252782
136213
351714
60010
10353
236635
318261
62115
292527
90968
7963
4291
228259
46826
262943
353645
38071
7104
28203
315060
89211
305621
260371
3619
269092
91454
333448
3158
240974
66262
290288
348666
292861
291233
94429
46834
154771
355342
10601
1739
90222
10306
200084
191323
311615
231647
364932
102552
44676
7964
336202
216767
270422
46451
189659
298525
302766
296820
131427
236224
250117
212221
119889
66410
322193
315745
10565
217689
78820
228625
208066
340677
898
24545
208513
146028
291642
4240
213329
235722
296076
10761
172494
75180
76444
99962
22507
90967
4803
78404
108087
142086
2938
2977
1789
55032
27566
227721
79467
96977
267658
221295
292316
301601
18093
125899
91350
10649
85421
314447
970
247548
5941
72946
363263
390312
305390
10040
196748
375511
165802
109356
167348
134390
159159
91420
181089
321757
87718
220445
101322
130250
126177
301469
388067
303864
380506
175601
3843
357210
303172
252432
2454
1790
100557
388993
202421
5848
89485
256114
2091
385541
424397
128885
76325
145946
207932
185762
227724
22108
289672
60490
196773
3394
126779
139800
174147
174222
91985
37162
262547
165805
373390
91517
189660
350756
20026
212004
168902
319513
136764
241092
11726
365297
12189
85915
86773
3444
354247
40339
211802
13135
238986
92415
298730
29315
205113
353657
202250
118781
240198
131090
148361
144551
328441
887
328032
106879
284510
46013
158043
8543
320241
3190
37163
152567
5650
363042
343106
125049
7995
294752
139081
78494
112305
220848
109956
330054
329014
322130
162792
225021
143753
275359
102140
120224
84081
884
330882
108009
136756
283053
262688
14733
148096
131225
283480
405659
7258
232165
360783
297624
99116
4285
294895
175404
68730
175568
81186
167235
217660
80840
424399
79226
138960
207593
4079
350771
368617
319739
278768
46940
66260
95780
278998
339095
371546
10158
212363
174519
171363
9801
64993
264358
13132
229805
124778
270739
186394
338201
294869
241089
165892
153214
324295
175410
73440
211994
204135
3400
100205
367726
33446
29813
308558
3473
84872
207708
320824
7617
230176
72940
197722
186570
92429
77471
33702
291286
13134
302572
136601
119687
355114
327606
1306
55703
277627
133387
108011
389571
384635
293648
1375
127294
384280
110485
193446
147568
2408
10463
179795
155778
220688
192637
213509
199271
302797
234195
347953
354421
149993
9850
28697
3011
190111
231887
288010
120705
189784
159795
161704
292429
66414
256668
338653
331592
54764
122606
231210
55354
240559
151974
139830
14952
108438
115292
182341
9783
199827
118785
139964
349317
132829
146737
68022
297361
63927
29650
312958
274133
514
7062
338424
317693
156734
2480
226561
49057
308936
37385
309300
240757
178624
206700
80787
262112
41028
79802
248208
59035
297370
241865
1182
142409
21580
339266
250148
241264
7941
115339
318602
260736
331164
294657
186553
211841
319286
42253
269553
190254
256649
209412
177092
320851
84386
97825
1593
54705
77479
11210
290630
345705
304319
148481
212279
90349
47374
6934
271098
352336
109739
37946
240366
88676
202615
250724
322926
224640
269075
184285
297344
351373
394997
250802
146861
211276
328443
317042
322535
192485
185442
8465
272475
210233
366695
212060
334495
113887
199425
184299
358560
18709
241112
321825
292273
273879
14830
489
256552
117029
87625
375531
54614
188412
295318
237046
200589
56118
244878
167028
329285
165785
78408
392349
308997
314163
158415
73825
10460
216570
1308
214520
39109
330334
374319
29072
107671
340188
112151
68277
327317
312297
57755
100498
323840
201212
291195
119349
375571
249471
54676
322900
196023
316105
187556
13131
328447
219779
297340
297254
22584
378101
246914
233547
233608
393217
107835
331031
397025
155281
138440
274239
351375
80607
129805
331535
268067
295862
366793
322955
321092
225819
226540
346425
143558
172588
63281
227231
175432
371396
231578
130609
327519
238640
303195
202267
44705
309331
138834
293193
34605
37164
243428
330057
311310
107070
302639
332467
289915
192202
306559
321117
99740
141225
356793
173850
10074
376215
382852
167518
56108
403020
79225
62948
321407
2566
2319
278440
249619
106981
192976
176958
211059
16872
366250
147438
302767
270224
126024
299532
133403
195843
247886
260407
99505
296109
93865
135816
124615
240800
339998
262939
255525
374206
198675
360345
126157
354176
108757
225941
198396
289101
351251
331033
320232
383631
240835
220658
120701
191653
312223
333442
162715
315898
349465
272509
278429
230764
77170
236590
394746
91626
302076
361280
292382
311600
186180
289906
282564
314488
184153
366522
323655
241093
81109
260677
295707
264356
273834
325982
132580
325727
220632
170191
257991
339969
269534
373710
300685
293532
131901
228254
114706
112133
262162
3809
338150
358742
192203
119187
264355
221126
407713
363959
227098
269436
306147
198099
280380
236790
303399
226256
391672
95825
330055
243168
204855
306193
211723
292238
96600
231414
212187
211993
363600
92161
289856
269329
180173
277360
295766
119677
225843
123178
334319
320218
312427
103023
108377
358648
210940
239960
202661
120703
106292
241091
16215
316264
368829
146162
153197
161765
307378
237988
101994
192204
1396
326869
40841
244900
149959
5332
345021
364822
174592
326870
188050
242962
301462
357754
220187
209955
401777
277399
265392
306429
330894
320219
236657
269533
379687
263907
411160
292522
247977
245531
79228
279202
163046
326505
371842
96340
331935
125917
376399
286109
354146
292298
228255
50512
256543
22100
269565
221119
137504
20276
285437
212186
6476
