25469
34502
74467
3206
8019
209063
9856
44476
210268
5434
38432
145830
276175
18022
62284
37994
283302
43368
70280
95609
108554
37909
305740
321215
60329
323744
17652
67769
18051
286263
332676
81862
2107
23080
292196
46533
79938
165361
338672
132559
128257
83727
268790
67985
96893
331897
57919
239280
74466
74457
62507
62461
378159
49816
66605
5961
18042
185974
103743
264433
345527
270488
184740
62495
44473
60375
38494
53669
265520
56426
74468
60575
61410
310139
105770
112246
90052
112269
67738
145625
70297
62258
32580
53581
62506
74293
333610
28031
256923
77627
74481
74470
92411
70269
67739
69426
113361
211009
328575
256922
70585
42748
249681
69427
4263
323684
69187
34500
234376
83841
52790
44469
408958
228825
360050
214290
8631
56931
33504
29213
38082
74397
165407
395292
67960
260861
198702
62249
74455
45317
70291
125449
205525
324240
58387
62251
69436
7356
143339
102000
52784
41553
69430
62277
155017
103742
81853
385213
43301
141571
92294
74462
56932
79200
9841
54604
91609
67983
79201
74483
58155
78176
63380
61424
74396
74395
