25469
34502
74467
3206
8019
209063
9856
44476
210268
5434
38432
145830
276175
18022
62284
37994
283302
43368
70280
95609
108554
37909
305740
321215
60329
323744
17652
67769
18051
286263
332676
81862
2107
23080
292196
46533
79938
165361
338672
132559
128257
83727
268790
67985
96893
331897
57919
239280
74466
74457
62507
62461
378159
49816
66605
5961
18042
185974
103743
264433
345527
270488
184740
62495
44473
60375
38494
53669
265520
56426
74468
60575
61410
310139
105770
112246
90052
112269
67738
145625
70297
62258
32580
53581
62506
74293
333610
28031
256923
77627
74481
74470
92411
70269
67739
69426
113361
211009
328575
256922
70585
42748
249681
69427
4263
323684
69187
34500
234376
83841
52790
44469
408958
228825
360050
214290
8631
56931
33504
29213
38082
74397
165407
395292
67960
260861
198702
62249
74455
45317
70291
125449
205525
324240
58387
62251
69436
7356
143339
102000
52784
41553
69430
62277
155017
103742
81853
385213
43301
141571
92294
74462
56932
79200
9841
54604
91609
67983
79201
74483
58155
78176
63380
61424
74396
74395
44475
58167
62502
224206
81859
81689
162773
74447
74403
121328
69435
74480
70252
62423
50598
64498
63033
62498
61420
61426
371822
18908
70226
36954
63893
126186
281463
270587
161662
57266
354254
74292
63051
287631
73373
72339
82123
74479
74910
70302
214268
36227
235429
64496
50599
126190
70304
345525
92915
69437
74287
62462
354257
299434
70266
22910
290996
323682
288025
44470
69182
74417
63026
62487
74412
74450
277148
44472
172449
44467
73380
135802
135479
74490
291841
70296
22394
70417
95636
56680
276584
64510
64961
62499
62273
170365
3495
20864
74445
5495
60638
43296
126165
7783
70293
72183
74476
30493
76803
63031
74422
12339
74415
70264
78805
70279
77858
70300
82200
43378
259105
70301
319560
269876
285804
56865
25451
62424
143351
56391
81721
33508
81858
81864
393719
69181
65517
70303
289860
197428
29868
119581
50160
74290
102797
294669
63052
37939
48119
36231
192846
74446
81811
81714
62482
84084
68674
167016
56261
389647
90047
70463
45318
70260
340389
61417
219448
242924
61419
53803
75216
62256
77050
61421
97550
84585
47247
74453
351898
103247
61412
90787
70232
69193
215518
66604
69434
62252
73377
273394
56055
90581
323745
195316
70306
70429
92913
62500
74463
229056
74482
262369
354252
70281
58163
30238
63025
70263
252461
70295
306614
67420
62472
9517
62248
45921
80825
7937
56686
36964
215140
306659
62428
90785
85032
374002
78804
61415
61418
101999
69428
74423
112942
62496
62485
22025
354256
92914
265551
65844
90797
66375
11936
160301
333613
106059
63032
70428
74529
118951
74416
72335
62474
4444
245489
64493
63343
74459
72305
69429
408858
60589
81855
70292
49532
70298
70425
81860
69194
72196
398965
79924
76044
280038
126187
62475
61501
215063
317963
234071
70282
63038
62477
92911
11937
264357
183386
74478
74434
354769
29869
44474
62254
82208
390693
69315
167694
70268
70262
56119
63037
74393
409371
61414
57202
49817
74458
116891
100022
104354
319127
280037
62488
214140
333614
62257
218434
74433
73238
39929
69179
317964
68294
63024
70299
82130
295001
4361
63017
65518
62242
119156
67424
67423
283549
64497
38933
63020
227476
63030
345526
75869
76017
82207
62473
62467
70432
329585
68602
69189
275610
296124
74460
62535
223547
75217
74426
66597
36233
104359
5017
62484
70283
25467
38523
69191
81857
62479
75867
75215
95642
47888
272774
70392
216239
207351
192033
69439
70284
70256
70607
311532
76045
313826
249674
63035
48044
62465
61413
118950
224083
272935
125448
305741
74399
64491
70290
72710
61444
62250
48118
330883
249620
215473
66600
63019
74449
317965
62283
38293
314480
323747
70246
70259
74442
74437
64490
70294
81728
104346
68293
69188
75177
70287
62280
140428
53418
184023
265532
66220
61504
74435
62503
45919
33506
72334
62260
70278
35937
351895
61409
333615
106734
66601
305195
58252
298707
95646
399178
58161
62429
139043
195365
72336
69190
360051
116349
190680
63895
74404
252623
216414
25452
106294
214222
237052
74420
112965
78045
305190
70430
344022
74452
56933
70427
79746
351921
139719
38274
48736
62241
199274
194116
82204
69388
276760
112943
72706
235096
42815
372317
285132
90783
8992
62253
90782
88060
74448
70286
61411
81861
56934
63376
317970
57267
108378
57284
67425
74407
74493
104337
74443
70431
77610
103731
69318
208323
120902
84905
114070
377273
27336
74432
307978
78752
354288
82126
74438
178150
81719
70426
85503
74773
76917
62464
104348
74398
37660
64291
26404
115238
74286
90790
57285
248206
74285
81850
53587
82150
319126
85506
72286
79197
75531
66565
70257
163904
43941
28164
57200
25577
10995
72353
274172
62481
70423
74444
29608
74429
112944
152055
61416
377811
77374
299705
65986
62463
47140
62279
69316
74405
62480
62468
43367
237107
8752
234060
74530
64492
143046
256233
167695
313827
316042
324632
307356
282565
360499
62478
63378
81506
82151
85502
223165
298462
126192
7962
62426
62255
48358
148230
175979
321560
116892
121881
292784
47573
85031
90784
63379
109446
77052
265543
57201
64377
81740
251919
121883
43263
44466
56929
70391
253989
136034
151960
74492
320496
184433
61408
39060
7933
376147
61422
56648
353388
76043
284371
118476
312982
70255
49247
162774
104352
90798
121043
46097
353928
159329
70307
70359
228915
69196
245689
214269
70285
64494
62486
58250
375739
68452
70424
100799
172450
326875
121046
66602
74474
268681
222552
63029
311528
354684
82205
350939
75853
235097
66676
100025
25453
314312
126324
64549
297591
74408
95637
62466
63018
126174
5016
56756
50222
384211
95643
332655
364686
79205
90794
389646
148229
47537
209364
49305
14664
72338
79207
18507
295331
194196
224251
158022
189773
313828
406868
334324
126176
36230
126183
66606
226989
388271
385559
44451
141512
79199
63016
91611
159331
74424
70305
354259
104338
63039
110462
206253
57286
56930
304216
120903
212292
62246
118475
317956
354253
370427
265519
205268
385560
213316
185871
66598
345771
143953
77878
337784
297195
179792
36232
199273
126172
66603
221142
316106
57268
237108
79204
69192
234892
225771
212836
104249
37545
64288
283272
247343
70247
220192
168599
55300
313829
35793
132691
229731
267179
126184
256500
194202
300865
103971
37661
9590
237340
271198
354745
44027
130294
268161
59250
262264
366780
48032
391841
66151
179442
329029
256234
272392
208896
319894
359059
135201
275083
276165
100023
212955
119155
293859
306660
238881
38899
244982
306668
104350
354311
330853
199272
38137
308968
104343
185479
237120
136008
256306
234086
150554
213221
213794
238880
126189
39541
104349
288940
214755
354260
182055
54539
126180
36229
196320
257271
261788
272789
222226
223790
121882
141160
139038
331561
100024
90801
210282
144349
70250
334420
329583
188024
329344
207230
281218
228025
204123
256230
268653
223502
406423
354255
347988
165406
55101
117906
141161
121042
100021
121038
395537
214146
103152
328356
213261
208458
132454
147222
62247
259149
258081
377812
215529
290938
260839
235816
240330
305111
393782
356763
121039
234082
146221
306993
327986
145190
354246
198600
215726
78478
302933
215530
295263
230517
167935
192029
339062
210283
237602
168641
190663
317969
249227
216298
295870
249630
219707
85520
207567
277427
139378
332043
184739
305193
219484
210346
328012
121724
247349
